Date ,Time ,Salinity (ppt),Month,Region,Site,Replicate,Treatment,Balanus (#),Log Balanus,Chthamalus (#),Log Chthamalus,Recruits (#),Total Barnacles (#),Digitalis,Pelta,Persona,Paradigitalis,Scutum,Unknown Limpets,Total Limpets (Non-Pelta removed from rings),Additional Limpets in ring (Removed),Total Limpets in Ring Before adding/subtracting,Log Total Limpets in Ring,Pelta Added (After count),Littorina sitkana (#),Littorina spp. (#),Total Littorina (#),Log Total litt,Littorina Removed from Ring (#),Log Total Litt in Ring,Mytilus (%),,Anemone (%),,Amphipod,Masto Crust (%),,Mastocarpus (%),,Hildenbrandia (%),,Diatom Cover (%),,Enteromorpha (%),,Ulva (%),,Urospora (%),,Porphyra (%),,Fucus (%),,Greens,Greens+Porphyra,Reds,Reds+Fucus,Other,Notes
16-05-11,08:30:00,30,May,High,Ruckle,1,I,0,0,1,0.301029996,3200,3201,0,0,0,0,0,0,0,,0,0,4,0,0,0,0,0,0,0,0,0,0,0,0,0,0,0,0,0,0,0,0,0,0,0,0,0,0,0,0,0,0,0,0,0,,
,,,May,High,Ruckle,1,E,0,0,0,0,3200,3200,0,0,0,0,0,0,0,,0,0,0,0,0,0,0,0,0,0,0,0,0,0,0,0,0,0,0,0,0,0,0,0,0,0,0,0,0,0,0,0,0,0,0,0,,
,,,May,High,Ruckle,1,C,0,0,0,0,3200,3200,0,0,0,0,0,0,0,,0,0,0,0,1,1,0.301029996,1,0.301029996,0,0,0,0,0,0,0,0,0,0,0,0,0,0,0,0,0,0,0,0,0,0,0,0,0,0,0,,
,,,May,High,Ruckle,2,C,0,0,0,0,3200,3200,0,0,0,0,0,0,0,,0,0,0,0,0,0,0,0,0,0.0015625,0.15625,0,0,0,0,0,0,0,0,0,0,0,0,0,0,0,0,0,0,0,0,0,0,0,0,0,,
,,,May,High,Ruckle,2,I,0,0,0,0,3200,3200,0,0,0,0,0,0,0,,0,0,4,0,0,0,0,0,0,0,0,0,0,0,0,0,0,0,0,0,0,0,0,0,0,0,0,0,0,0,0,0,0,0,0,0,,
,,,May,High,Ruckle,2,E,0,0,0,0,3200,3200,0,0,0,0,0,0,0,,0,0,0,0,0,0,0,4,0.698970004,0,0,0,0,0,0,0,0,0,0,0,0,0,0,0,0,0,0,0,0,0,0,0,0,0,0,0,,
,,,May,High,Ruckle,3,I,0,0,0,0,3200,3200,0,0,0,0,0,0,0,,0,0,4,0,0,0,0,1,0.301029996,0,0,0,0,1,0,0,0,0,0,0,0,0,0,0,0,0,0,0,0,0,0,0,0,0,0,0,,
,,,May,High,Ruckle,3,C,0,0,0,0,3200,3200,0,0,0,0,0,0,0,,0,0,0,0,1,1,0.301029996,1,0.301029996,0,0,0,0,0,0,0,0,0,0,0,0,0,0,0,0,0,0,0,0,0,0,0,0,0,0,0,,
,,,May,High,Ruckle,3,E,0,0,0,0,3200,3200,0,0,0,0,0,0,0,,0,0,0,0,0,0,0,0,0,0,0,0,0,0,0,0,0,0,0,0,0,0,0,0,0,0,0,0,0,0,0,0,0,0,0,0,,Repaired
,,,May,High,Ruckle,4,I,0,0,1,0.301029996,3200,3201,0,0,0,0,0,0,0,,0,0,4,0,0,0,0,0,0,0,0,0,0,0,0,0,0,0,0,0,0,0,0,0,0,0,0,0,0,0,0,0,0,0,0,0,,Repaired
,,,May,High,Ruckle,4,C,0,0,0,0,3200,3200,0,0,0,0,0,0,0,,0,0,0,0,0,0,0,0,0,0,0,0,0,0,0,0,0,0,0,0,0,0,0,0,0,0,0,0,0,0,0,0,0,0,0,0,,
,,,May,High,Ruckle,4,E,0,0,0,0,3200,3200,0,0,0,0,0,0,0,,0,0,0,0,0,0,0,0,0,0,0,0,0,0,0,0,0,0,0,0,0,0,0,0,0,0,0,0,0,0,0,0,0,0,0,0,,Repaired
,,,May,High,Ruckle,5,E,0,0,0,0,3200,3200,0,0,0,0,0,0,0,,0,0,0,0,0,0,0,0,0,0,0,0,0,0,0,0,0,0,0,0,0,0,0,0,0,0,0,0,0,0,0,0,0,0,0,0,,Repaired
,,,May,High,Ruckle,5,C,0,0,0,0,3200,3200,0,0,0,0,0,0,0,,0,0,0,0,0,0,0,0,0,0,0,0,0,0,0,0,0,0,0,0,0,0,0,0,0,0,0,0,0,0,0,0,0,0,0,0,,
,,,May,High,Ruckle,5,I,0,0,0,0,3200,3200,0,0,0,0,0,0,0,,0,0,4,0,0,0,0,1,0.301029996,0,0,0,0,0,0,0,0,0,0,0,0,0,0,0,0,0,0,0,0,0,0,0,0,0,0,0,,Repaired
,,,May,High,Ruckle,6,C,0,0,0,0,500,500,0,35,0,0,0,0,35,,35,1.556302501,0,0,2,2,0.477121255,2,0.477121255,0,0,0.0078125,0.78125,0,0,0,0,0,0,0,0,0,0,0,0,0,0,0,0,0,0,0,0,0,0,0,,
,,,May,High,Ruckle,6,E,0,0,0,0,3200,3200,0,0,0,0,0,0,0,,0,0,0,0,0,0,0,0,0,0,0,0,0,0,0,0,0,0,0,0,0,0,0,0,0,0,0,0,0,0,0,0,0,0,0,0,,Repaired
,,,May,High,Ruckle,6,I,0,0,1,0.301029996,3200,3201,0,0,0,0,0,0,0,,0,0,4,0,1,1,0.301029996,5,0.77815125,0,0,0,0,0,0,0,0,0,0,0,0,0,0,0,0,0,0,0,0,0,0,0,0,0,0,0,,
,,,May,High,Ruckle,7,I,0,0,0,0,250,250,0,0,0,0,0,0,0,,0,0,0,0,0,0,0,5,0.77815125,0,0,0,0,0,0,0,0,0,0,0,0,0,0,0,0,0,0,0,0,0,0,0,0,0,0,0,,Touched Up
,,,May,High,Ruckle,7,E,0,0,0,0,1000,1000,0,0,0,0,0,0,0,,0,0,4,0,1,1,0.301029996,8,0.954242509,0,0,0,0,0,0,0,0,0,0,0,0,0,0,0,0,0,0,0,0,0,0,0,0,0,0,0,,
,,,May,High,Ruckle,7,C,0,0,0,0,3200,3200,0,0,0,0,0,0,0,,0,0,0,0,0,0,0,0,0,0,0,0,0,0,0,0,0,0,0,0,0,0,0,0,0,0,0,0,0,0,0,0,0,0,0,0,,
16-05-11,10:45:00,29.5,May,High,Eagle Cove ,1,C,0,0,0,0,3200,3200,0,0,0,0,0,0,0,,0,0,0,0,0,0,0,0,0,0,0,0,0,0,0,0,0,0,0,0,0,0,0,0,0,0,0,0,0,0,0,0,0,0,0,0,,
,,,May,High,Eagle Cove ,1,E,0,0,0,0,1600,1600,0,0,0,0,0,0,0,,0,0,0,0,0,0,0,0,0,0,0,0,0,0,0,0,0,0,0,0,0,0,0,0,0,0,0,0,0,0,0,0,0,0,0,0,,
,,,May,High,Eagle Cove ,1,I,0,0,0,0,1600,1600,0,0,0,0,0,0,0,,0,0,4,0,0,0,0,1,0.301029996,0,0,0,0,0,0.0078125,0.78125,0,0,0,0,0,0,0,0,0,0,0,0,0,0,0,0,0,0,0.78125,0.78125,,
,,,May,High,Eagle Cove ,2,I,0,0,0,0,3200,3200,0,0,0,0,0,0,0,,0,0,4,0,1,1,0.301029996,3,0.602059991,0.0078125,0.78125,0,0,0,0.1875,18.75,0,0,0,0,0,0,0,0,0,0,0,0,0,0,0,0,0,0,18.75,18.75,,
,,,May,High,Eagle Cove ,2,C,0,0,4,0.698970004,3200,3204,0,0,0,0,0,0,0,,0,0,0,0,2,2,0.477121255,2,0.477121255,0,0,0,0,0,0,0,0,0,0,0,0,0,0,0,0,0,0,0,0,0,0,0,0,0,0,0,,
,,,May,High,Eagle Cove ,2,E,0,0,0,0,3200,3200,0,0,0,0,0,0,0,,0,0,0,0,0,0,0,1,0.301029996,0.0078125,0.78125,0,0,0,0.125,12.5,0,0,0,0,0,0,0,0,0,0,0,0,0,0,0,0,0,0,12.5,12.5,,
,,,May,High,Eagle Cove ,3,E,0,0,1,0.301029996,3200,3201,0,0,0,0,0,0,0,,0,0,0,0,3,3,0.602059991,11,1.079181246,0,0,0,0,0,0,0,0,0,0,0,0,0,0,0,0,0,0,0,0,0,0,0,0,0,0,0,,
,,,May,High,Eagle Cove ,3,C,0,0,2,0.477121255,3200,3202,0,0,0,0,0,0,0,,0,0,0,0,7,7,0.903089987,7,0.903089987,0,0,0,0,0,0,0,0,0,0,0,0,0,0,0,0,0,0,0,0,0,0,0,0,0,0,0,,
,,,May,High,Eagle Cove ,3,I,0,0,0,0,3200,3200,0,0,0,1,0,0,1,,1,0.301029996,4,0,7,7,0.903089987,19,1.301029996,0.0625,6.25,0,0,0,0,0,0,0,0,0,0,0,0,0,0,0,0,0,0,0,0,0,0,0,0,0,,
,,,May,High,Eagle Cove ,4,I,0,0,0,0,3200,3200,0,0,0,0,0,0,0,1 pelta,1,0.301029996,4,0,1,1,0.301029996,26,1.431363764,0,0,0,0,0,0,0,0,0,0,0,0,0,0,0,0,0,0,0,0,0,0,0,0,0,0,0,,
,,,May,High,Eagle Cove ,4,C,0,0,0,0,3200,3200,0,0,0,0,0,0,0,,0,0,0,0,10,10,1.041392685,10,1.041392685,0.0078125,0.78125,0,0,0,0,0,0,0,0,0,0,0,0,0,0,0,0,0,0,0,0,0,0,0,0,0,,
,,,May,High,Eagle Cove ,4,E,0,0,0,0,3200,3200,0,0,0,0,0,0,0,,0,0,0,0,0,0,0,0,0,0,0,0,0,0,0,0,0,0,0,0,0,0,0,0,0,0,0,0,0,0,0,0,0,0,0,0,,
,,,May,High,Eagle Cove ,5,I,2,0.477121255,0,0,3200,3202,0,0,0,0,0,0,0,1 para,1,0.301029996,4,0,5,5,0.77815125,18,1.278753601,0.0078125,0.78125,0.0078125,0.78125,0,0,0,0,0,0,0,0,0,0,0,0,0,0,0,0,0,0,0,0,0,0,0,,
,,,May,High,Eagle Cove ,5,C,2,0.477121255,0,0,3200,3202,0,0,0,1,0,0,1,,1,0.301029996,0,0,5,5,0.77815125,5,0.77815125,0,0,0,0,0,0,0,0,0,0,0,0,0,0,0,0,0,0,0,0,0,0,0,0,0,0,0,,
,,,May,High,Eagle Cove ,5,E,2,0.477121255,1,0.301029996,3200,3203,0,0,0,0,0,0,0,,0,0,0,0,0,0,0,0,0,0,0,0,0,0,0,0,0,0,0,0,0,0,0,0,0,0,0,0,0,0,0,0,0,0,0,0,,Repaired
,,,May,High,Eagle Cove ,6,C,0,0,2,0.477121255,3200,3202,0,0,0,0,0,0,0,,0,0,0,0,5,5,0.77815125,5,0.77815125,0.0078125,0.78125,0,0,0,0.125,12.5,0,0,0,0,0,0,0,0,0,0,0,0,0,0,0,0,0,0,12.5,12.5,,
,,,May,High,Eagle Cove ,6,I,0,0,0,0,3200,3200,0,0,0,0,0,0,0,1 para,1,0.301029996,4,0,0,0,0,12,1.113943352,0,0,0,0,0,0,0,0,0,0,0,0,0,0,0,0,0,0,0,0,0,0,0,0,0,0,0,,
,,,May,High,Eagle Cove ,6,E,0,0,0,0,3200,3200,0,0,0,0,0,0,0,,0,0,0,0,0,0,0,1,0.301029996,0,0,0,0,0,0,0,0,0,0,0,0,0,0,0,0,0,0,0,0,0,0,0,0,0,0,0,,
,,,May,High,Eagle Cove ,7,E,0,0,1,0.301029996,3200,3201,0,0,0,0,0,0,0,,0,0,0,0,1,1,0.301029996,7,0.903089987,0,0,0,0,0,0,0,0,0,0,0,0,0,0,0,0,0,0,0,0,0,0,0,0,0,0,0,,
,,,May,High,Eagle Cove ,7,I,0,0,0,0,3200,3200,0,2,0,3,0,0,5,,5,0.77815125,4,0,0,0,0,3,0.602059991,0.0078125,0.78125,0,0,0,0,0,0,0,0,0,0,0,0,0,0,0,0,0,0,0,0,0,0,0,0,0,,
,,,May,High,Eagle Cove ,7,C,0,0,0,0,3200,3200,0,0,0,0,0,0,0,,0,0,0,0,0,0,0,0,0,0,0,0,0,0,0,0,0,0,0,0,0,0,0,0,0,0,0,0,0,0,0,0,0,0,0,0,,
17-05-11,11:00:00,29,May,High,Hailstorm 2,1,C,0,0,3,0.602059991,1600,1603,0,0,0,0,0,0,0,,0,0,0,0,0,0,0,0,0,0,0,0,0,0,0,0,0,0,0,0,0,0,0,0,0,0,0,0,0,0,0,0,0,0,0,0,,
,,,May,High,Hailstorm 2,1,E,0,0,0,0,1600,1600,0,0,0,0,0,0,0,,0,0,0,0,0,0,0,2,0.477121255,0,0,0,0,0,0,0,0,0,0,0,0,0,0,0,0,0,0,0,0,0,0,0,0,0,0,0,,
,,,May,High,Hailstorm 2,1,I,0,0,0,0,1600,1600,0,0,0,0,0,0,0,,0,0,4,0,0,0,0,6,0.84509804,0,0,0,0,0,0,0,0,0,0,0,0,0,0,0,0,0,0,0,0,0,0,0,0,0,0,0,,Drain Repaired
,,,May,High,Hailstorm 2,2,I,0,0,0,0,1600,1600,0,0,0,0,0,0,0,,0,0,4,0,0,0,0,12,1.113943352,0,0,0,0,0,0,0,0,0,0,0,0,0,0,0,0,0,0,0,0,0,0,0,0,0,0,0,,
,,,May,High,Hailstorm 2,2,E,0,0,0,0,1600,1600,0,0,0,0,0,0,0,,0,0,0,0,1,1,0.301029996,8,0.954242509,0,0,0,0,0,0,0,0,0,0,0,0,0,0,0,0,0,0,0,0,0,0,0,0,0,0,0,,Drain Repaired
,,,May,High,Hailstorm 2,2,C,0,0,0,0,1600,1600,0,0,0,0,0,0,0,,0,0,0,0,1,1,0.301029996,1,0.301029996,0,0,0,0,0,0,0,0,0,0,0,0,0,0,0,0,0,0,0,0,0,0,0,0,0,0,0,,
,,,May,High,Hailstorm 2,3,E,0,0,0,0,1600,1600,0,0,0,0,0,0,0,,0,0,0,0,1,1,0.301029996,2,0.477121255,0,0,0,0,0,0,0,0,0,0,0,0,0,0,0,0,0,0,0,0,0,0,0,0,0,0,0,,Drain Repaired
,,,May,High,Hailstorm 2,3,I,0,0,0,0,800,800,0,0,0,0,0,0,0,,0,0,4,0,0,0,0,1,0.301029996,0,0,0,0,0,0,0,0,0,0,0,0,0,0,0,0,0,0,0,0,0,0,0,0,0,0,0,,
,,,May,High,Hailstorm 2,3,C,0,0,0,0,80,80,0,0,0,0,0,0,0,,0,0,0,0,0,0,0,0,0,0,0,0,0,0,0,0,0,0,0,0,0,0,0,0,0,0,0,0,0,0,0,0,0,0,0,0,,
,,,May,High,Hailstorm 2,4,E,0,0,0,0,1600,1600,0,0,0,0,0,0,0,,0,0,0,0,0,0,0,1,0.301029996,0,0,0,0,0,0,0,0,0,0,0,0,0,0,0,0,0,0,0,0,0,0,0,0,0,0,0,,
,,,May,High,Hailstorm 2,4,C,0,0,0,0,800,800,0,0,0,0,0,0,0,,0,0,0,0,0,0,0,0,0,0,0,0,0,0,0,0,0,0,0,0,0,0,0,0,0,0,0,0,0,0,0,0,0,0,0,0,,
,,,May,High,Hailstorm 2,4,I,0,0,0,0,1200,1200,0,0,0,0,0,0,0,,0,0,4,0,0,0,0,7,0.903089987,0,0,0,0,0,0,0,0,0,0,0,0,0,0,0,0,0,0,0,0,0,0,0,0,0,0,0,,
,,,May,High,Hailstorm 2,5,I,0,0,0,0,800,800,0,0,0,0,0,0,0,,0,0,4,0,0,0,0,0,0,0,0,0,0,0,0,0,0,0,0,0,0,0,0,0,0,0,0,0,0,0,0,0,0,0,0,0,,Touched Up
,,,May,High,Hailstorm 2,5,C,0,0,0,0,800,800,0,0,0,0,0,0,0,,0,0,0,0,1,1,0.301029996,1,0.301029996,0,0,0,0,0,0,0,0,0,0,0,0,0,0,0,0,0,0,0,0,0,0,0,0,0,0,0,,
,,,May,High,Hailstorm 2,5,E,0,0,0,0,1200,1200,0,0,0,0,0,0,0,1 para,1,0.301029996,0,0,0,0,0,3,0.602059991,0,0,0,0,0,0,0,0,0,0,0,0,0,0,0,0,0,0,0,0,0,0,0,0,0,0,0,,Touched Up
,,,May,High,Hailstorm 2,6,I,0,0,0,0,800,800,0,0,0,0,0,0,0,,0,0,4,0,0,0,0,7,0.903089987,0,0,0,0,0,0,0,0,0,0,0,0,0,0,0,0,0,0,0,0,0,0,0,0,0,0,0,,Touched Up
,,,May,High,Hailstorm 2,6,E,0,0,0,0,800,800,0,0,0,0,0,0,0,,0,0,0,0,0,0,0,7,0.903089987,0,0,0,0,0,0,0,0,0,0,0,0,0,0,0,0,0,0,0,0,0,0,0,0,0,0,0,,Touched Up
,,,May,High,Hailstorm 2,6,C,0,0,0,0,80,80,0,0,0,0,0,0,0,,0,0,0,0,2,2,0.477121255,2,0.477121255,0,0,0,0,0,0,0,0,0,0,0,0,0,0,0,0,0,0,0,0,0,0,0,0,0,0,0,,
,,,May,High,Hailstorm 2,7,E,0,0,0,0,800,800,0,0,0,0,0,0,0,,0,0,0,0,0,0,0,0,0,0,0,0,0,0,0,0,0,0,0,0,0,0,0,0,0,0,0,0,0,0,0,0,0,0,0,0,,Touched Up
,,,May,High,Hailstorm 2,7,I,0,0,0,0,800,800,0,0,0,0,0,0,0,,0,0,4,0,1,1,0.301029996,3,0.602059991,0,0,0,0,0,0,0,0,0,0,0,0,0,0,0,0,0,0,0,0,0,0,0,0,0,0,0,,Touched Up
,,,May,High,Hailstorm 2,7,C,0,0,0,0,800,800,0,0,0,0,0,0,0,,0,0,0,0,0,0,0,0,0,0,0,0,0,0,0,0,0,0,0,0,0,0,0,0,0,0,0,0,0,0,0,0,0,0,0,0,,
18-05-11,09:00:00,22,May,Low,Horseshoe Bay,1,C,0,0,0,0,1280,1280,0,0,0,0,0,0,0,,0,0,0,0,1,1,0.301029996,1,0.301029996,0,0,0,0,0,0,0,0,0,0,0,0,0,0,0,0,0,0,0,0,0,0,0,0,0,0,0,,
,,,May,Low,Horseshoe Bay,1,E,0,0,0,0,1200,1200,0,0,0,0,0,0,0,,0,0,0,0,1,1,0.301029996,9,1,0,0,0,0,0,0,0,0,0,0,0,0,0,0,0,0,0,0,0,0,0,0,0,0,0,0,0,,
,,,May,Low,Horseshoe Bay,1,I,0,0,0,0,1600,1600,0,0,0,0,0,0,0,,0,0,4,2,8,10,1.041392685,19,1.301029996,0,0,0,0,0,0,0,0,0,0,0,0,0,0,0,0,0,0,0,0,0,0,0,0,0,0,0,,
,,,May,Low,Horseshoe Bay,2,E,0,0,1,0.301029996,1600,1601,0,0,0,0,0,0,0,,0,0,0,0,1,1,0.301029996,10,1.041392685,0.0078125,0.78125,0,0,0,0,0,0,0,0,0,0,0,0,0,0,0,0,0,0,0,0,0,0,0,0,0,,
,,,May,Low,Horseshoe Bay,2,C,0,0,3,0.602059991,1600,1603,0,0,0,0,0,0,0,,0,0,0,0,2,2,0.477121255,2,0.477121255,0,0,0,0,0,0,0,0,0,0,0,0,0,0,0,0,0,0,0,0,0,0,0,0,0,0,0,,
,,,May,Low,Horseshoe Bay,2,I,0,0,0,0,1200,1200,0,0,0,0,0,0,0,,0,0,4,0,0,0,0,6,0.84509804,0,0,0,0,0,0,0,0,0,0,0,0,0,0,0,0,0,0,0,0,0,0,0,0,0,0,0,,
,,,May,Low,Horseshoe Bay,3,I,0,0,0,0,1200,1200,0,0,0,0,0,0,0,,0,0,4,0,0,0,0,6,0.84509804,0,0,0,0,0,0,0,0,0,0,0,0,0,0,0,0,0,0,0,0,0,0,0,0,0,0,0,,
,,,May,Low,Horseshoe Bay,3,E,0,0,0,0,1200,1200,0,0,0,0,0,0,0,,0,0,0,0,0,0,0,0,0,0,0,0,0,0,0,0,0,0,0,0,0,0,0,0,0,0,0,0,0,0,0,0,0,0,0,0,,
,,,May,Low,Horseshoe Bay,3,C,0,0,0,0,1600,1600,0,0,0,0,0,0,0,,0,0,0,0,0,0,0,0,0,0.015625,1.5625,0,0,0,0,0,0,0,0,0,0,0,0,0,0,0,0,0,0,0,0,0,0,0,0,0,,
,,,May,Low,Horseshoe Bay,4,C,0,0,0,0,800,800,0,0,0,0,0,0,0,,0,0,0,1,0,1,0.301029996,1,0.301029996,0.00015625,0.015625,0,0,0,0,0,0,0,0,0,0,0,0,0,0,0,0,0,0,0,0,0,0,0,0,0,,
,,,May,Low,Horseshoe Bay,4,I,0,0,0,0,1280,1280,0,0,0,0,0,0,0,,0,0,4,0,1,1,0.301029996,6,0.84509804,0,0,0,0,0,0,0,0,0,0,0,0,0,0,0,0,0,0,0,0,0,0,0,0,0,0,0,,
,,,May,Low,Horseshoe Bay,4,E,0,0,0,0,800,800,0,0,0,0,0,0,0,,0,0,0,0,0,0,0,5,0.77815125,0,0,0,0,0,0,0,0,0,0,0,0,0,0,0,0,0,0,0,0,0,0,0,0,0,0,0,,
,,,May,Low,Horseshoe Bay,5,I,0,0,0,0,800,800,0,0,0,0,0,0,0,,0,0,4,0,0,0,0,1,0.301029996,0,0,0,0,0,0,0,0,0,0,0,0,0,0,0,0,0,0,0,0,0,0,0,0,0,0,0,,
,,,May,Low,Horseshoe Bay,5,C,0,0,0,0,800,800,0,0,0,0,0,0,0,,0,0,0,0,0,0,0,0,0,0,0,0,0,0,0,0,0,0,0,0,0,0,0,0,0,0,0,0,0,0,0,0,0,0,0,0,,
,,,May,Low,Horseshoe Bay,5,E,0,0,0,0,1200,1200,0,0,0,0,0,0,0,,0,0,0,0,0,0,0,4,0.698970004,0,0,0,0,0,0,0,0,0,0,0,0,0,0,0,0,0,0,0,0,0,0,0,0,0,0,0,,
,,,May,Low,Horseshoe Bay,6,I,0,0,0,0,400,400,0,0,0,0,0,0,0,,0,0,4,0,2,2,0.477121255,18,1.278753601,0,0,0,0,0,0,0,0,0,0,0,0,0,0,0,0,0,0,0,0,0,0,0,0,0,0,0,,
,,,May,Low,Horseshoe Bay,6,E,0,0,0,0,400,400,0,0,0,0,0,0,0,,0,0,0,0,2,2,0.477121255,9,1,0,0,0,0,0,0,0,0,0,0,0,0,0,0,0,0,0,0,0,0,0,0,0,0,0,0,0,,
,,,May,Low,Horseshoe Bay,6,C,0,0,0,0,80,80,0,0,0,0,0,0,0,,0,0,0,2,0,2,0.477121255,2,0.477121255,0,0,0,0,0,0,0,0,0,0,0,0,0,0,0,0,0,0,0,0,0,0,0,0,0,0,0,,
,,,May,Low,Horseshoe Bay,7,C,0,0,0,0,320,320,0,0,0,0,0,0,0,,0,0,0,1,2,3,0.602059991,3,0.602059991,0,0,0,0,0,0,0,0,0,0,0,0,0,0,0,0,0,0,0,0,0,0,0,0,0,0,0,,
,,,May,Low,Horseshoe Bay,7,E,0,0,0,0,480,480,0,0,0,0,0,0,0,,0,0,0,0,2,2,0.477121255,18,1.278753601,0,0,0,0,0,0,0,0,0,0,0,0,0,0,0,0,0,0,0,0,0,0,0,0,0,0,0,,
,,,May,Low,Horseshoe Bay,7,I,0,0,1,0.301029996,480,481,0,0,0,0,0,0,0,,0,0,4,0,1,1,0.301029996,16,1.230448921,0,0,0,0,0,0,0,0,0,0,0,0,0,0,0,0,0,0,0,0,0,0,0,0,0,0,0,,
18-05-11,11:30:00,15,May,Low,Lions Bay 2,1,E,0,0,0,0,160,160,0,0,0,0,0,0,0,,0,0,0,0,0,0,0,2,0.477121255,0,0,0,0,0,0,0,0,0,0,0,0,0,0,0,0,0,0,0,0,0,0,0,0,0,0,0,,
,,,May,Low,Lions Bay 2,1,I,0,0,0,0,800,800,0,0,0,0,0,0,0,,0,0,4,0,0,0,0,0,0,0,0,0,0,0,0,0,0,0,0,0,0,0,0,0,0,0,0,0,0,0,0,0,0,0,0,0,,
,,,May,Low,Lions Bay 2,1,C,0,0,0,0,640,640,0,0,0,0,0,0,0,,0,0,0,0,0,0,0,0,0,0.0015625,0.15625,0,0,0,0,0,0,0,0,0,0,0,0,0,0,0,0,0,0,0,0,0,0,0,0,0,,
,,,May,Low,Lions Bay 2,2,C,0,0,0,0,640,640,0,0,0,0,0,0,0,,0,0,0,0,0,0,0,0,0,0,0,0,0,0,0,0,0,0,0,0,0,0,0,0,0,0,0,0,0,0,0,0,0,0,0,0,,
,,,May,Low,Lions Bay 2,2,E,0,0,0,0,640,640,0,0,0,0,0,0,0,,0,0,0,0,0,0,0,0,0,0,0,0,0,0,0,0,0,0,0,0,0,0,0,0,0,0,0,0,0,0,0,0,0,0,0,0,,
,,,May,Low,Lions Bay 2,2,I,0,0,0,0,640,640,0,0,0,0,0,0,0,,0,0,4,0,0,0,0,0,0,0,0,0,0,0,0,0,0,0,0,0,0,0,0,0,0,0,0,0,0,0,0,0,0,0,0,0,,
,,,May,Low,Lions Bay 2,3,I,0,0,0,0,640,640,0,0,0,0,0,0,0,,0,0,4,0,0,0,0,0,0,0,0,0,0,0,0,0,0,0,0,0,0,0,0,0,0,0,0,0,0,0,0,0,0,0,0,0,,
,,,May,Low,Lions Bay 2,3,E,0,0,0,0,640,640,0,0,0,0,0,0,0,,0,0,0,0,0,0,0,0,0,0,0,0,0,0,0,0,0,0,0,0,0,0,0,0,0,0,0,0,0,0,0,0,0,0,0,0,,
,,,May,Low,Lions Bay 2,3,C,0,0,0,0,400,400,0,0,0,0,0,0,0,,0,0,0,0,0,0,0,0,0,0,0,0,0,0,0,0,0,0,0,0,0,0,0,0,0,0,0,0,0,0,0,0,0,0,0,0,,
,,,May,Low,Lions Bay 2,4,I,0,0,0,0,800,800,0,0,0,0,0,0,0,,0,0,4,0,0,0,0,0,0,0,0,0,0,0,0,0,0,0,0,0,0,0,0,0,0,0,0,0,0,0,0,0,0,0,0,0,,
,,,May,Low,Lions Bay 2,4,C,0,0,0,0,640,640,0,0,0,0,0,0,0,,0,0,0,0,0,0,0,0,0,0.015625,1.5625,0,0,0,0,0,0,0,0,0,0,0,0,0,0,0,0,0,0,0,0,0,0,0,0,0,,
,,,May,Low,Lions Bay 2,4,E,0,0,0,0,640,640,0,0,0,0,0,0,0,,0,0,0,0,0,0,0,0,0,0,0,0,0,0,0,0,0,0,0,0,0,0,0,0,0,0,0,0,0,0,0,0,0,0,0,0,,
,,,May,Low,Lions Bay 2,5,I,0,0,0,0,480,480,0,0,0,0,0,0,0,,0,0,4,0,0,0,0,0,0,0,0,0,0,0,0,0,0,0,0,0,0,0,0,0,0,0,0,0,0,0,0,0,0,0,0,0,,
,,,May,Low,Lions Bay 2,5,E,0,0,0,0,720,720,0,0,0,0,0,0,0,,0,0,0,0,0,0,0,0,0,0,0,0,0,0,0,0,0,0,0,0,0,0,0,0,0,0,0,0,0,0,0,0,0,0,0,0,,
,,,May,Low,Lions Bay 2,5,C,0,0,0,0,640,640,0,0,0,0,0,0,0,,0,0,0,0,0,0,0,0,0,0.015625,1.5625,0,0,0,0,0,0,0,0,0,0,0,0,0,0,0,0,0,0,0,0,0,0,0,0,0,,
,,,May,Low,Lions Bay 2,6,E,0,0,0,0,800,800,0,0,0,0,0,0,0,,0,0,0,0,0,0,0,0,0,0,0,0,0,0,0,0,0,0,0,0,0,0,0,0,0,0,0,0,0,0,0,0,0,0,0,0,,
,,,May,Low,Lions Bay 2,6,C,0,0,0,0,640,640,0,0,0,0,0,0,0,,0,0,0,0,0,0,0,0,0,0.0078125,0.78125,0,0,0,0,0,0,0,0,0,0,0,0,0,0,0,0,0,0,0,0,0,0,0,0,0,,
,,,May,Low,Lions Bay 2,6,I,0,0,0,0,640,640,0,0,0,0,0,0,0,,0,0,4,0,0,0,0,0,0,0,0,0,0,0,0,0,0,0,0,0,0,0,0,0,0,0,0,0,0,0,0,0,0,0,0,0,,
,,,May,Low,Lions Bay 2,7,C,0,0,0,0,400,400,0,0,0,0,0,2,2,,2,0.477121255,0,0,0,0,0,0,0,0.01,1,0,0,0,0,0,0,0,0,0,0,0,0,0,0,0,0,0,0,0,0,0,0,0,0,0,,
,,,May,Low,Lions Bay 2,7,I,0,0,0,0,640,640,0,0,0,0,0,0,0,,0,0,4,0,0,0,0,0,0,0,0,0,0,0,0,0,0,0,0,0,0,0,0,0,0,0,0,0,0,0,0,0,0,0,0,0,,
,,,May,Low,Lions Bay 2,7,E,0,0,0,0,320,320,0,0,0,0,0,0,0,,0,0,0,0,0,0,0,0,0,0,0,0,0,0,0,0,0,0,0,0,0,0,0,0,0,0,0,0,0,0,0,0,0,0,0,0,,
18-05-11,13:30:00,22,May,Low,Rope Site 2,1,C,0,0,0,0,4000,4000,0,0,0,0,0,1,1,,1,0.301029996,0,0,4,4,0.698970004,4,0.698970004,0.015625,1.5625,0,0,0,0,0,0,0,0,0,0,0,0,0,0,0,0,0,0,0,0,0,0,0,0,0,,
,,,May,Low,Rope Site 2,1,E,0,0,0,0,4000,4000,0,0,0,0,0,0,0,1 uk,1,0.301029996,0,0,1,1,0.301029996,17,1.255272505,0.015625,1.5625,0,0,0,0,0,0,0,0,0,0,0,0,0,0,0,0,0,0,0,0,0,0,0,0,0,,
,,,May,Low,Rope Site 2,1,I,0,0,0,0,4000,4000,0,0,0,0,0,1,1,2uk,3,0.602059991,4,0,0,0,0,26,1.431363764,0.0078125,0.78125,0,0,0,0,0,0,0,0,0,0,0,0,0,0,0,0,0,0,0,0,0,0,0,0,0,,
,,,May,Low,Rope Site 2,2,C,0,0,0,0,4000,4000,0,0,0,0,0,0,0,,0,0,0,0,0,0,0,0,0,0,0,0,0,0,0,0,0,0,0,0,0,0,0,0,0,0,0,0,0,0,0,0,0,0,0,0,,
,,,May,Low,Rope Site 2,2,I,0,0,0,0,4000,4000,0,0,0,0,0,0,0,,0,0,4,0,0,0,0,21,1.342422681,0,0,0,0,0,0,0,0,0,0,0,0,0,0,0,0,0,0,0,0,0,0,0,0,0,0,0,,
,,,May,Low,Rope Site 2,2,E,0,0,0,0,4000,4000,0,0,0,0,0,1,1,3uk,4,0.698970004,0,0,11,11,1.079181246,19,1.301029996,0.0078125,0.78125,0,0,0,0,0,0,0,0,0,0,0,0,0,0,0,0,0,0,0,0,0,0,0,0,0,,
,,,May,Low,Rope Site 2,3,E,0,0,0,0,4000,4000,0,0,0,0,0,0,0,,0,0,0,0,0,0,0,15,1.204119983,0,0,0,0,0,0,0,0,0,0,0,0,0,0,0,0,0,0,0,0,0,0,0,0,0,0,0,,
,,,May,Low,Rope Site 2,3,C,0,0,0,0,4000,4000,0,0,0,0,0,0,0,,0,0,0,0,3,3,0.602059991,3,0.602059991,0.0078125,0.78125,0,0,0,0,0,0,0,0,0,0,0,0,0,0,0,0,0,0,0,0,0,0,0,0,0,,
,,,May,Low,Rope Site 2,3,I,0,0,0,0,4000,4000,0,0,0,0,0,5,5,7uk,12,1.113943352,4,0,4,4,0.698970004,11,1.079181246,0,0,0,0,0,0,0,0,0,0,0,0,0,0,0,0,0,0,0,0,0,0,0,0,0,0,0,,
,,,May,Low,Rope Site 2,4,I,0,0,0,0,4000,4000,0,0,0,0,0,0,0,1uk,1,0.301029996,4,0,0,0,0,5,0.77815125,0,0,0,0,0,0,0,0,0,0,0,0,0,0,0,0,0,0,0,0,0,0,0,0,0,0,0,,
,,,May,Low,Rope Site 2,4,E,0,0,0,0,4000,4000,0,0,0,0,0,0,0,,0,0,0,0,0,0,0,3,0.602059991,0,0,0,0,0,0,0,0,0,0,0,0,0,0,0,0,0,0,0,0,0,0,0,0,0,0,0,,
,,,May,Low,Rope Site 2,4,C,0,0,0,0,4000,4000,0,0,0,0,0,0,0,,0,0,0,0,0,0,0,0,0,0,0,0,0,0,0,0,0,0,0,0,0,0,0,0,0,0,0,0,0,0,0,0,0,0,0,0,,
,,,May,Low,Rope Site 2,5,E,0,0,0,0,4000,4000,0,0,0,0,0,0,0,1uk,1,0.301029996,0,0,0,0,0,2,0.477121255,0,0,0,0,0,0,0,0,0,0,0,0,0,0,0,0,0,0,0,0,0,0,0,0,0,0,0,,
,,,May,Low,Rope Site 2,5,I,0,0,0,0,4000,4000,0,0,0,0,0,0,0,,0,0,4,0,0,0,0,3,0.602059991,0,0,0,0,0,0,0,0,0,0,0,0,0,0,0,0,0,0,0,0,0,0,0,0,0,0,0,,
,,,May,Low,Rope Site 2,5,C,0,0,0,0,4000,4000,0,0,0,0,0,0,0,,0,0,0,0,0,0,0,0,0,0,0,0,0,0,0,0,0,0,0,0,0,0,0,0,0,0,0,0,0,0,0,0,0,0,0,0,,
,,,May,Low,Rope Site 2,6,I,0,0,0,0,4000,4000,0,0,0,0,0,0,0,,0,0,4,0,1,1,0.301029996,4,0.698970004,0.009375,0.9375,0,0,0,0,0,0,0,0,0,0,0,0,0,0,0,0,0,0,0,0,0,0,0,0,0,,
,,,May,Low,Rope Site 2,6,C,0,0,0,0,4000,4000,0,0,0,0,0,0,0,,0,0,0,0,1,1,0.301029996,1,0.301029996,0.03125,3.125,0,0,0,0,0,0,0,0,0,0,0,0,0,0,0,0,0,0,0,0,0,0,0,0,0,,
,,,May,Low,Rope Site 2,6,E,0,0,0,0,4000,4000,0,0,0,0,0,0,0,,0,0,0,0,0,0,0,1,0.301029996,0,0,0,0,0,0,0,0,0,0,0,0,0,0,0,0,0,0,0,0,0,0,0,0,0,0,0,,
,,,May,Low,Rope Site 2,7,C,0,0,0,0,4000,4000,0,0,0,0,0,0,0,,0,0,0,0,0,0,0,0,0,0.0078125,0.78125,0,0,0,0,0,0,0,0,0,0,0,0,0,0,0,0,0,0,0,0,0,0,0,0,0,,
,,,May,Low,Rope Site 2,7,E,0,0,0,0,4000,4000,0,0,0,0,0,0,0,,0,0,0,0,0,0,0,6,0.84509804,0,0,0,0,0,0,0,0,0,0,0,0,0,0,0,0,0,0,0,0,0,0,0,0,0,0,0,,
,,,May,Low,Rope Site 2,7,I,0,0,0,0,4000,4000,0,0,0,0,0,0,0,,0,0,4,0,1,1,0.301029996,8,0.954242509,0,0,0,0,0,0,0,0,0,0,0,0,0,0,0,0,0,0,0,0,0,0,0,0,0,0,0,,
01-06-11,09:00:00,30,June,High,Ruckle,1,I,0,0,0,0,1760,1760,0,0,0,0,0,0,0,1 para,1,0.301029996,2,0,0,0,0,0,0,0,0,0,0,0,0,0,0,0,0,0,0.921875,92.1875,0,0,0,0,0,0,0,0,0,0,0,0,0,0,,
,,,June,High,Ruckle,1,E,0,0,0,0,1440,1440,0,0,0,0,0,0,0,1 para,1,0.301029996,0,0,0,0,0,16,1.230448921,0,0,0,0,0,0,0,0,0,0,0,0.9375,93.75,0,0,0,0,0,0,0,0,0,0,0,0,0,0,,
,,,June,High,Ruckle,1,C,0,0,0,0,2400,2400,0,0,0,0,0,0,0,,0,0,0,0,0,0,0,0,0,0,0,0,0,0,0,0,0,0,0,0,0.9375,93.75,0,0,0,0,0,0,0,0,0,0,0,0,0,0,,
,,,June,High,Ruckle,2,C,0,0,0,0,2800,2800,0,0,0,0,0,0,0,,0,0,0,0,1,1,0.301029996,1,0.301029996,0,0,0,0,0,0,0,0,0,0,0,0,0,0,0,0,0,0,0,0,0,0,0,0,0,0,0,,
,,,June,High,Ruckle,2,I,0,0,0,0,2800,2800,0,0,0,0,0,0,0,,0,0,2,0,0,0,0,1,0.301029996,0,0,0,0,0,0,0,0,0,0,0,0,0,0,0,0,0,0,0,0,0,0,0,0,0,0,0,,
,,,June,High,Ruckle,2,E,0,0,0,0,3200,3200,0,0,0,0,0,0,0,2 para,2,0.477121255,0,0,1,1,0.301029996,5,0.77815125,0,0,0,0,0,0,0,0,0,0,0,0.921875,92.1875,0,0,0,0,0,0,0,0,0,0,0,0,0,0,,
,,,June,High,Ruckle,3,I,0,0,0,0,2800,2800,0,0,0,0,0,0,0,,0,0,4,0,0,0,0,2,0.477121255,0,0,0,0,0,0,0,0,0,0,0,0.921875,92.1875,0,0,0,0,0,0,0,0,0,0,0,0,0,0,,
,,,June,High,Ruckle,3,C,0,0,0,0,1200,1200,0,0,0,0,0,0,0,,0,0,0,0,0,0,0,0,0,0,0,0,0,0,0,0,0,0,0,0,0.875,87.5,0,0,0,0,0,0,0,0,0,0,0,0,0,0,,
,,,June,High,Ruckle,3,E,0,0,0,0,1440,1440,0,0,0,0,0,0,0,,0,0,0,0,0,0,0,0,0,0,0,0,0,0,0,0,0,0,0,0,0,0,0,0,0,0,0,0,0,0,0,0,0,0,0,0,,Repaired
,,,June,High,Ruckle,4,I,0,0,0,0,1200,1200,0,0,0,0,0,0,0,,0,0,4,0,0,0,0,0,0,0,0,0,0,0,0,0,0,0,0,0,0,0,0,0,0,0,0,0,0,0,0,0,0,0,0,0,,Repaired
,,,June,High,Ruckle,4,C,0,0,0,0,1440,1440,0,0,0,0,0,0,0,,0,0,0,0,0,0,0,0,0,0,0,0,0,0,0,0,0,0,0,0,1,100,0,0,0,0,0,0,0,0,0,0,0,0,0,0,,
,,,June,High,Ruckle,4,E,0,0,0,0,1200,1200,0,0,0,0,0,0,0,,0,0,0,0,0,0,0,0,0,0,0,0,0,0,0,0,0,0,0,0,0,0,0,0,0,0,0,0,0,0,0,0,0,0,0,0,,Repaired
,,,June,High,Ruckle,5,E,0,0,0,0,1440,1440,0,0,0,0,0,0,0,,0,0,0,0,0,0,0,0,0,0,0,0,0,0,0,0,0,0,0,0,0,0,0,0,0,0,0,0,0,0,0,0,0,0,0,0,,Repaired
,,,June,High,Ruckle,5,C,0,0,0,0,1040,1040,0,0,0,0,0,0,0,,0,0,0,0,1,1,0.301029996,1,0.301029996,0,0,0,0,0,0,0,0,0,0,0,0,0,0,0,0,0,0,0,0,0,0,0,0,0,0,0,,
,,,June,High,Ruckle,5,I,0,0,0,0,1440,1440,0,0,0,1,0,0,1,3 para,4,0.698970004,3,0,0,0,0,2,0.477121255,0,0,0,0,0,0,0,0,0,0,0,0,0,0,0,0,0,0,0,0,0,0,0,0,0,0,0,,Repaired
,,,June,High,Ruckle,6,C,0,0,0,0,80,80,1,0,0,29,0,0,30,,30,1.491361694,0,0,25,25,1.414973348,25,1.414973348,0,0,0,0,0,0,0,0,0,0,0,0,0,0,0,0,0,0,0,0,0,0,0,0,0,0,0,,
,,,June,High,Ruckle,6,E,0,0,0,0,2000,2000,0,0,0,0,0,0,0,,0,0,0,0,0,0,0,1,0.301029996,0,0,0,0,0,0,0,0,0,0,0,0,0,0,0,0,0,0,0,0,0,0,0,0,0,0,0,,Repaired
,,,June,High,Ruckle,6,I,0,0,0,0,1840,1840,0,0,0,0,0,0,0,,0,0,3,0,0,0,0,9,1,0,0,0,0,0,0,0,0,0,0,0,0.0625,6.25,0,0,0,0,0,0,0,0,0,0,0,0,0,0,,
,,,June,High,Ruckle,7,I,0,0,0,0,480,480,0,0,0,0,0,0,0,,0,0,3,0,0,0,0,2,0.477121255,0,0,0,0,0,0,0,0,0,0,0,0,0,0,0,0,0,0,0,0,0,0,0,0,0,0,0,,
,,,June,High,Ruckle,7,E,0,0,0,0,1200,1200,0,0,0,0,0,0,0,1 para,1,0.301029996,0,0,0,0,0,8,0.954242509,0,0,0,0,0,0,0,0,0,0,0,0,0,0,0,0,0,0,0,0,0,0,0,0,0,0,0,,
,,,June,High,Ruckle,7,C,0,0,0,0,2000,2000,0,0,0,0,0,0,0,,0,0,0,0,0,0,0,0,0,0,0,0,0,0,0,0,0,0,0,0,0,0,0,0,0,0,0,0,0,0,0,0,0,0,0,0,,
01-06-11,12:30:00,30,June,High,Eagle Cove ,1,C,0,0,0,0,2400,2400,0,0,0,0,0,0,0,,0,0,0,0,0,0,0,0,0,0,0,0,0,0,0,0,0,0,0,0,0,0,0,0,0,0,0,0,0,0,0,0,0,0,0,0,,
,,,June,High,Eagle Cove ,1,E,0,0,0,0,1120,1120,0,0,0,0,0,0,0,1 para,1,0.301029996,0,0,0,0,0,2,0.477121255,0,0,0,0,0,0,0,0,0,0,0,0,0,0,0,0,0,0,0,0,0,0,0,0,0,0,0,,
,,,June,High,Eagle Cove ,1,I,0,0,0,0,1600,1600,0,0,0,0,0,0,0,,0,0,4,0,1,1,0.301029996,7,0.903089987,0.0078125,0.78125,0,0,0,0,0,0,0,0,0,0,0,0,0,0,0,0,0,0,0,0,0,0,0,0,0,,
,,,June,High,Eagle Cove ,2,I,0,0,0,0,2400,2400,0,0,0,0,0,0,0,2 pelta,2,0.477121255,2,0,10,10,1.041392685,14,1.176091259,0,0,0,0,0,0,0,0,0,0,0,0,0,0,0,0,0,0,0,0,0,0,0,0,0,0,0,,
,,,June,High,Eagle Cove ,2,C,0,0,0,0,2320,2320,0,0,0,0,0,0,0,,0,0,0,0,0,0,0,0,0,0,0,0,0,0,0,0,0,0,0,0,0,0,0,0,0,0,0,0,0,0,0,0,0,0,0,0,,
,,,June,High,Eagle Cove ,2,E,0,0,0,0,2800,2800,0,0,0,0,0,0,0,1 digitalis,1,0.301029996,0,0,2,2,0.477121255,2,0.477121255,0,0,0,0,0,0,0,0,0,0,0,0,0,0,0,0,0,0,0,0,0,0,0,0,0,0,0,,
,,,June,High,Eagle Cove ,3,E,0,0,0,0,2000,2000,0,0,0,0,0,0,0,1 digitalis,1,0.301029996,0,0,1,1,0.301029996,10,1.041392685,0,0,0,0,0,0,0,0,0,0,0,0,0,0,0,0,0,0,0,0,0,0,0,0,0,0,0,,Touched Up
,,,June,High,Eagle Cove ,3,C,0,0,0,0,2000,2000,0,0,0,0,0,0,0,,0,0,0,0,0,0,0,0,0,0,0,0,0,0,0,0,0,0,0,0,0,0,0,0,0,0,0,0,0,0,0,0,0,0,0,0,,
,,,June,High,Eagle Cove ,3,I,0,0,0,0,2000,2000,0,0,0,0,0,0,0,1 pelta,1,0.301029996,3,0,0,0,0,13,1.146128036,0.015625,1.5625,0,0,0,0,0,0,0,0,0,0,0,0,0,0,0,0,0,0,0,0,0,0,0,0,0,,Touched Up
,,,June,High,Eagle Cove ,4,I,0,0,0,0,1840,1840,0,0,0,0,0,0,0,1 pelta,1,0.301029996,3,0,1,1,0.301029996,15,1.204119983,0,0,0,0,0,0,0,0,0,0,0,0,0,0,0,0,0,0,0,0,0,0,0,0,0,0,0,1 granulina margaritula,
,,,June,High,Eagle Cove ,4,C,0,0,0,0,1440,1440,0,0,0,0,0,0,0,,0,0,0,0,19,19,1.301029996,19,1.301029996,0.0078125,0.78125,0,0,0,0,0,0,0,0,0,0,0,0,0,0,0,0,0,0,0,0,0,0,0,0,0,,
,,,June,High,Eagle Cove ,4,E,0,0,0,0,2000,2000,0,0,0,0,0,0,0,,0,0,0,0,7,7,0.903089987,16,1.230448921,0,0,0,0,0,0,0,0,0,0,0,0,0,0,0,0,0,0,0,0,0,0,0,0,0,0,0,,Touched Up
,,,June,High,Eagle Cove ,5,I,0,0,0,0,2800,2800,0,0,0,0,0,0,0,3 pelta,3,0.602059991,1,0,3,3,0.602059991,27,1.447158031,0.015625,1.5625,0,0,0,0,0,0,0,0,0,0,0,0,0,0,0,0,0,0,0,0,0,0,0,0,0,,
,,,June,High,Eagle Cove ,5,C,0,0,0,0,2400,2400,0,0,0,1,0,0,1,,1,0.301029996,0,0,1,1,0.301029996,1,0.301029996,0,0,0,0,0,0,0,0,0,0,0,0,0,0,0,0,0,0,0,0,0,0,0,0,0,0,0,,
,,,June,High,Eagle Cove ,5,E,0,0,0,0,2800,2800,0,0,0,0,0,0,0,,0,0,0,0,1,1,0.301029996,1,0.301029996,0,0,0,0,0,0,0,0,0,0,0,0,0,0,0,0,0,0,0,0,0,0,0,0,0,0,0,,Repaired
,,,June,High,Eagle Cove ,6,C,0,0,0,0,1600,1600,0,0,0,0,0,0,0,,0,0,0,0,2,2,0.477121255,2,0.477121255,0,0,0,0,0,0,0,0,0,0,0,0,0,0,0,0,0,0,0,0,0,0,0,0,0,0,0,,
,,,June,High,Eagle Cove ,6,I,0,0,0,0,3200,3200,0,0,0,0,0,0,0,1 pelta,1,0.301029996,3,0,0,0,0,10,1.041392685,0,0,0,0,0,0,0,0,0,0,0,0,0,0,0,0,0,0,0,0,0,0,0,0,0,0,0,,Touched Up
,,,June,High,Eagle Cove ,6,E,0,0,0,0,3200,3200,0,0,0,0,0,0,0,,0,0,0,0,1,1,0.301029996,1,0.301029996,0,0,0,0,0,0,0,0,0,0,0,0,0,0,0,0,0,0,0,0,0,0,0,0,0,0,0,,Touched Up
,,,June,High,Eagle Cove ,7,E,0,0,0,0,2800,2800,0,0,0,0,0,0,0,,0,0,0,0,1,1,0.301029996,9,1,0,0,0,0,0,0,0,0,0,0,0,0,0,0,0,0,0,0,0,0,0,0,0,0,0,0,0,,Touched Up
,,,June,High,Eagle Cove ,7,I,0,0,0,0,2400,2400,0,0,0,0,0,0,0,1 pelta,1,0.301029996,3,0,9,9,1,18,1.278753601,0,0,0,0,0,0,0,0,0,0,0,0,0,0,0,0,0,0,0,0,0,0,0,0,0,0,0,,Touched Up
,,,June,High,Eagle Cove ,7,C,0,0,0,0,3200,3200,0,0,0,0,0,0,0,,0,0,0,0,0,0,0,0,0,0,0,0,0,0,0,0,0,0,0,0,0,0,0,0,0,0,0,0,0,0,0,0,0,0,0,0,,
02-06-11,11:00:00,27,June,High,Hailstorm 2,1,C,0,0,0,0,1720,1720,0,0,0,0,0,0,0,,0,0,0,0,1,1,0.301029996,0,0,0,0,0,0,0,0,0,0,0,0,0,0,0,0,0,0,0,0,0,0,0,0,0,0,0,0,0,,
,,,June,High,Hailstorm 2,1,E,0,0,0,0,1400,1400,0,0,0,0,0,0,0,,0,0,0,0,0,0,0,1,0.301029996,0,0,0,0,0,0,0,0,0,0,0,0,0,0,0,0,0,0,0,0,0,0,0,0,0,0,0,,
,,,June,High,Hailstorm 2,1,I,0,0,0,0,960,960,0,0,0,0,0,0,0,3 pelta,3,0.602059991,1,0,0,0,0,5,0.77815125,0,0,0,0,0,0.015625,1.5625,0,0,0,0,0,0,0,0,0,0,0,0,0,0,0,0,0,0,1.5625,1.5625,,
,,,June,High,Hailstorm 2,2,I,0,0,0,0,1400,1400,0,0,0,0,0,0,0,3 pelta,3,0.602059991,1,0,0,0,0,3,0.602059991,0,0,0,0,0,0,0,0,0,0,0,0,0,0,0,0,0,0,0,0,0,0,0,0,0,0,0,,
,,,June,High,Hailstorm 2,2,E,0,0,0,0,960,960,0,0,0,0,0,0,0,,0,0,0,0,0,0,0,6,0.84509804,0,0,0,0,0,0,0,0,0,0,0,0,0,0,0,0,0,0,0,0,0,0,0,0,0,0,0,,
,,,June,High,Hailstorm 2,2,C,0,0,0,0,960,960,0,0,0,0,0,0,0,,0,0,0,0,1,1,0.301029996,1,0.301029996,0,0,0,0,0,0.015625,1.5625,0,0,0,0,0,0,0,0,0,0,0,0,0,0,0,0,0,0,1.5625,1.5625,,
,,,June,High,Hailstorm 2,3,E,0,0,0,0,880,880,0,0,0,0,0,0,0,,0,0,0,0,0,0,0,0,0,0,0,0,0,0,0,0,0,0,0,0,0,0,0,0,0,0,0,0,0,0,0,0,0,0,0,0,,
,,,June,High,Hailstorm 2,3,I,0,0,0,0,800,800,0,0,0,0,0,0,0,2 pelta,2,0.477121255,2,0,0,0,0,0,0,0,0,0,0,0,0,0,0,0,0,0,0,0,0,0,0,0,0,0,0,0,0,0,0,0,0,0,,
,,,June,High,Hailstorm 2,3,C,0,0,0,0,187,187,0,0,0,0,0,0,0,,0,0,0,0,0,0,0,0,0,0,0,0,0,0,0,0,0,0,0,0,0,0,0,0,0,0,0,0,0,0,0,0,0,0,0,0,,
,,,June,High,Hailstorm 2,4,E,0,0,0,0,1520,1520,0,0,0,0,0,0,0,,0,0,0,0,0,0,0,0,0,0,0,0,0,0,0,0,0,0,0,0,0,0,0,0,0,0,0,0,0,0,0,0,0,0,0,0,,
,,,June,High,Hailstorm 2,4,C,0,0,0,0,1200,1200,0,0,0,0,0,0,0,,0,0,0,0,1,1,0.301029996,1,0.301029996,0,0,0,0,0,0.015625,1.5625,0,0,0,0,0,0,0,0,0,0,0,0,0,0,0,0,0,0,1.5625,1.5625,,
,,,June,High,Hailstorm 2,4,I,0,0,0,0,800,800,0,0,0,0,0,0,0,3 pelta,3,0.602059991,1,0,0,0,0,3,0.602059991,0,0,0,0,0,0.015625,1.5625,0,0,0,0,0,0,0,0,0,0,0,0,0,0,0,0,0,0,1.5625,1.5625,,
,,,June,High,Hailstorm 2,5,I,0,0,0,0,1000,1000,0,0,0,0,0,0,0,"4 pelta, 1 para",5,0.77815125,0,0,1,1,0.301029996,2,0.477121255,0,0,0,0,0,0,0,0,0,0,0,0,0,0,0,0,0,0,0,0,0,0,0,0,0,0,0,,Touched Up
,,,June,High,Hailstorm 2,5,C,0,0,0,0,800,800,0,0,0,0,0,0,0,,0,0,0,0,0,0,0,0,0,0,0,0,0,0,0.015625,1.5625,0,0,0,0,0,0,0,0,0,0,0,0,0,0,0,0,0,0,1.5625,1.5625,,
,,,June,High,Hailstorm 2,5,E,0,0,0,0,1000,1000,0,0,0,0,0,0,0,,0,0,0,0,0,0,0,6,0.84509804,0,0,0,0,0,0.046875,4.6875,0,0,0,0,0,0,0,0,0,0,0,0,0,0,0,0,0,0,4.6875,4.6875,,Touched Up
,,,June,High,Hailstorm 2,6,I,0,0,0,0,600,600,0,0,0,0,0,0,0,4 pelta   ,4,0.698970004,0,0,0,0,0,0,0,0,0,0,0,0,0.015625,1.5625,0,0,0,0,0,0,0,0,0,0,0,0,0,0,0,0,0,0,1.5625,1.5625,,Touched Up
,,,June,High,Hailstorm 2,6,E,0,0,0,0,600,600,0,0,0,0,0,0,0,,0,0,0,0,0,0,0,0,0,0,0,0,0,0,0,0,0,0,0,0,0,0,0,0,0,0,0,0,0,0,0,0,0,0,0,0,,Touched Up
,,,June,High,Hailstorm 2,6,C,0,0,0,0,177,177,0,0,0,0,0,0,0,,0,0,0,0,1,1,0.301029996,1,0.301029996,0,0,0,0,0,0.015625,1.5625,0,0,0,0,0,0,0,0,0,0,0,0,0,0,0,0,0,0,1.5625,1.5625,,
,,,June,High,Hailstorm 2,7,E,0,0,0,0,400,400,0,0,0,0,0,0,0,,0,0,0,0,1,1,0.301029996,1,0.301029996,0,0,0,0,0,0,0,0,0,0,0,0,0,0,0,0,0,0,0,0,0,0,0,0,0,0,0,,Touched Up
,,,June,High,Hailstorm 2,7,I,0,0,0,0,400,400,0,1,0,0,0,0,1,2 pelta,3,0.602059991,1,0,0,0,0,1,0.301029996,0,0,0,0,0,0,0,0,0,0,0,0,0,0,0,0,0,0,0,0,0,0,0,0,0,0,0,,Touched Up
,,,June,High,Hailstorm 2,7,C,0,0,0,0,600,600,0,0,0,0,0,0,0,,0,0,0,0,1,1,0.301029996,1,0.301029996,0,0,0,0,0,0,0,0,0,0,0,0,0,0,0,0,0,0,0,0,0,0,0,0,0,0,0,,
05-06-11,10:30:00,12.5,June,Low,Horseshoe Bay,1,C,0,0,1276.8,3.106462884,227.2,1504,0,0,0,0,0,0,0,,0,0,0,0,0,0,0,0,0,0,0,0,0,0,0,0,0,0,0,0,0,0,0.03125,3.125,0,0,0,0,0,0,0,0,3.125,3.125,0,0,,
,,,June,Low,Horseshoe Bay,1,E,0,0,1603.2,3.205258512,150.4,1753.6,0,0,0,0,0,0,0,,0,0,0,0,6,6,0.84509804,15,1.204119983,0.03125,3.125,0,0,0,0,0,0,0,0,0,0,0,0,0,0,0,0,0,0,0,0,0,0,0,0,0,,
,,,June,Low,Horseshoe Bay,1,I,0,0,1238.4,3.093211492,131.2,1369.6,0,1,0,0,0,0,1,,1,0.301029996,3,0,30,30,1.491361694,42,1.633468456,0.015625,1.5625,0,0,0,0,0,0,0,0,0,0,0,0,0,0,0,0,0,0,0,0,0,0,0,0,0,,
,,,June,Low,Horseshoe Bay,2,E,0,0,1084.8,3.035749837,435.2,1520,0,0,0,0,0,0,0,,0,0,0,0,0,0,0,1,0.301029996,0,0,0,0,0,0.03125,3.125,0,0,0,0,0,0,0,0,0,0,0,0,0,0,0,0,0,0,3.125,3.125,,
,,,June,Low,Horseshoe Bay,2,C,0,0,598.4,2.777716739,704,1302.4,0,0,0,0,0,0,0,,0,0,0,0,0,0,0,0,0,0,0,0,0,0,0.046875,4.6875,0,0,0,0,0,0,0,0,0,0,0,0,0,0,0,0,0,0,4.6875,4.6875,,
,,,June,Low,Horseshoe Bay,2,I,0,0,819.2,2.913919765,563.2,1382.4,0,0,0,0,0,0,0,,0,0,4,0,0,0,0,0,0,0,0,0,0,0,0,0,0,0,0,0,0,0,0,0,0,0,0,0,0,0,0,0,0,0,0,0,,
,,,June,Low,Horseshoe Bay,3,I,0,0,1392,3.143951116,230.4,1622.4,0,1,0,0,0,0,1,3 pelta,4,0.698970004,0,0,0,0,0,0,0,0,0,0,0,0,0,0,0,0,0,0,0,0,0.015625,1.5625,0,0,0,0,0,0,0,0,1.5625,1.5625,0,0,,
,,,June,Low,Horseshoe Bay,3,E,0,0,1395.2,3.144947634,192,1587.2,0,0,0,0,0,0,0,,0,0,0,0,0,0,0,0,0,0,0,0,0,0,0.0078125,0.78125,0,0,0,0,0,0,0.0078125,0.78125,0,0,0,0,0,0,0,0,0.78125,0.78125,0.78125,0.78125,,
,,,June,Low,Horseshoe Bay,3,C,0,0,1222.4,3.087568476,291.2,1513.6,0,0,0,0,0,0,0,,0,0,0,0,1,1,0.301029996,1,0.301029996,0.015625,1.5625,0,0,0,0,0,0,0,0,0,0,0,0.0078125,0.78125,0,0,0,0,0,0,0,0,0.78125,0.78125,0,0,,
,,,June,Low,Horseshoe Bay,4,C,0,0,1088,3.03702788,259.2,1347.2,0,0,0,0,0,0,0,,0,0,0,0,0,0,0,0,0,0,0,0,0,0,0.03125,3.125,0,0,0,0,0,0,0,0,0,0,0,0,0,0,0,0,0,0,3.125,3.125,,
,,,June,Low,Horseshoe Bay,4,I,0,0,1203.2,3.080698623,278.4,1481.6,0,0,0,0,0,0,0,,0,0,4,0,0,0,0,2,0.477121255,0,0,0,0,0,0,0,0,0,0,0,0,0,0,0,0,0,0,0,0,0,0,0,0,0,0,0,,
,,,June,Low,Horseshoe Bay,4,E,0,0,1203.2,3.080698623,208,1411.2,0,0,0,0,0,0,0,,0,0,0,0,0,0,0,2,0.477121255,0,0,0,0,0,0.03125,3.125,0,0,0,0,0,0,0.03125,3.125,0,0,0,0,0,0,0,0,3.125,3.125,3.125,3.125,,
,,,June,Low,Horseshoe Bay,5,I,0,0,1040,3.01745073,153.6,1193.6,0,0,0,0,0,0,0,,0,0,4,0,0,0,0,0,0,0,0,0,0,0,0.046875,4.6875,0,0,0,0,0,0,0,0,0,0,0,0,0,0,0,0,0,0,4.6875,4.6875,,
,,,June,Low,Horseshoe Bay,5,C,0,0,1110.4,3.045870392,288,1398.4,0,0,0,0,0,0,0,,0,0,0,0,0,0,0,0,0,0,0,0,0,0,0.03125,3.125,0,0,0,0,0,0,0,0,0,0,0,0,0,0,0,0,0,0,3.125,3.125,,
,,,June,Low,Horseshoe Bay,5,E,0,0,1043.2,3.018783689,249.6,1292.8,0,0,0,0,0,0,0,,0,0,0,0,0,0,0,0,0,0,0,0,0,0,0,0,0,0,0,0,0,0,0,0,0,0,0,0,0,0,0,0,0,0,0,0,,
,,,June,Low,Horseshoe Bay,6,I,0,0,550.4,2.741466762,163.2,713.6,0,0,0,0,0,0,0,2 pelta,2,0.477121255,2,0,0,0,0,2,0.477121255,0,0,0,0,0,0.015625,1.5625,0,0,0,0,0,0,0,0,0,0,0,0,0,0,0,0,0,0,1.5625,1.5625,,
,,,June,Low,Horseshoe Bay,6,E,0,0,409.6,2.613418945,214.4,624,0,0,0,0,0,0,0,,0,0,0,0,0,0,0,2,0.477121255,0,0,0,0,0,0,0,0,0,0,0,0,0,0,0,0,0,0,0,0,0,0,0,0,0,0,0,,
,,,June,Low,Horseshoe Bay,6,C,0,0,112,2.053078443,176,288,0,0,0,0,0,0,0,,0,0,0,0,1,1,0.301029996,1,0.301029996,0,0,0,0,0,0,0,0,0,0,0,0,0,0,0,0,0,0,0,0,0,0,0,0,0,0,0,,
,,,June,Low,Horseshoe Bay,7,C,0,0,185.6,2.270911639,160,345.6,0,0,0,0,0,0,0,,0,0,0,0,4,4,0.698970004,4,0.698970004,0,0,0,0,0,0.046875,4.6875,0,0,0,0,0,0,0,0,0,0,0,0,0,0,0,0,0,0,4.6875,4.6875,,
,,,June,Low,Horseshoe Bay,7,E,0,0,464,2.667452953,329.6,793.6,0,0,0,0,0,0,0,,0,0,0,0,0,0,0,3,0.602059991,0,0,0,0,0,0.015625,1.5625,0,0,0,0,0,0,0,0,0,0,0,0,0,0,0,0,0,0,1.5625,1.5625,,
,,,June,Low,Horseshoe Bay,7,I,0,0,336,2.527629901,224,560,0,0,0,0,0,0,0,,0,0,4,1,1,2,0.477121255,7,0.903089987,0,0,0,0,0,0.125,12.5,0,0,0,0,0,0,0,0,0,0,0,0,0,0,0,0,0,0,12.5,12.5,,
05-06-11,14:00:00,10,June,Low,Lions Bay 2,1,E,0,0,0,0,320,320,0,0,0,0,0,0,0,,0,0,0,0,0,0,0,0,0,0,0,0,0,0,0,0,0,0,0,0,0,0,0,0,0,0,0,0,0,0,0,0,0,0,0,0,,
,,,June,Low,Lions Bay 2,1,I,1,0.301029996,0,0,675.2,676.2,0,0,0,0,0,0,0,,0,0,4,0,0,0,0,0,0,0,0,0,0,0,0,0,0,0,0,0,0,0,0,0,0,0,0,0,0,0,0,0,0,0,0,0,,
,,,June,Low,Lions Bay 2,1,C,0,0,0,0,720,720,0,0,0,0,0,0,0,,0,0,0,0,0,0,0,0,0,0.015625,1.5625,0,0,0,0,0,0,0,0,0,0,0,0,0,0,0,0,0,0,0,0,0,0,0,0,0,,
,,,June,Low,Lions Bay 2,2,C,0,0,0,0,720,720,0,0,0,0,0,0,0,,0,0,0,0,0,0,0,0,0,0,0,0,0,0,0,0,0,0,0,0,0,0,0,0,0,0,0,0,0,0,0,0,0,0,0,0,,
,,,June,Low,Lions Bay 2,2,E,0,0,0,0,720,720,0,0,0,0,0,0,0,,0,0,0,0,0,0,0,0,0,0,0,0,0,0,0,0,0,0,0,0,0,0,0,0,0,0,0,0,0,0,0,0,0,0,0,0,,
,,,June,Low,Lions Bay 2,2,I,0,0,0,0,720,720,0,0,0,0,0,0,0,,0,0,4,0,0,0,0,0,0,0,0,0,0,0,0,0,0,0,0,0,0,0,0,0,0,0,0,0,0,0,0,0,0,0,0,0,,
,,,June,Low,Lions Bay 2,3,I,0,0,0,0,720,720,0,0,0,0,0,0,0,,0,0,4,0,0,0,0,0,0,0,0,0,0,0,0,0,0,0,0,0,0,0,0,0,0,0,0,0,0,0,0,0,0,0,0,0,,
,,,June,Low,Lions Bay 2,3,E,0,0,0,0,720,720,0,0,0,0,0,0,0,,0,0,0,0,0,0,0,2,0.477121255,0,0,0,0,0,0,0,0,0,0,0,0,0,0,0,0,0,0,0,0,0,0,0,0,0,0,0,,
,,,June,Low,Lions Bay 2,3,C,0,0,0,0,720,720,0,0,0,0,0,0,0,,0,0,0,0,0,0,0,0,0,0,0,0,0,0,0,0,0,0,0,0,0,0,0,0,0,0,0,0,0,0,0,0,0,0,0,0,,
,,,June,Low,Lions Bay 2,4,I,0,0,0,0,720,720,0,0,0,0,0,0,0,,0,0,4,0,0,0,0,0,0,0,0,0,0,0,0,0,0,0,0,0,0,0,0.015625,1.5625,0,0,0,0,0,0,0,0,1.5625,1.5625,0,0,,
,,,June,Low,Lions Bay 2,4,C,0,0,0,0,720,720,0,0,0,0,0,0,0,,0,0,0,0,0,0,0,0,0,0,0,0,0,0,0,0,0,0,0,0,0,0,0,0,0,0,0,0,0,0,0,0,0,0,0,0,,
,,,June,Low,Lions Bay 2,4,E,0,0,0,0,720,720,0,0,0,0,0,0,0,,0,0,0,0,0,0,0,0,0,0,0,0,0,0,0,0,0,0,0,0,0,0,0,0,0,0,0,0,0,0,0,0,0,0,0,0,,
,,,June,Low,Lions Bay 2,5,I,0,0,0,0,720,720,0,0,0,0,0,0,0,,0,0,4,0,1,1,0.301029996,1,0.301029996,0,0,0,0,0,0,0,0,0,0,0,0,0,0,0,0,0,0,0,0,0,0,0,0,0,0,0,,
,,,June,Low,Lions Bay 2,5,E,0,0,0,0,720,720,0,0,0,0,0,0,0,,0,0,0,0,0,0,0,0,0,0,0,0,0,0,0,0,0,0,0,0,0,0,0,0,0,0,0,0,0,0,0,0,0,0,0,0,,
,,,June,Low,Lions Bay 2,5,C,0,0,0,0,720,720,0,0,0,0,0,0,0,,0,0,0,0,0,0,0,0,0,0.015625,1.5625,0,0,0,0,0,0,0,0,0,0,0,0,0,0,0,0,0,0,0,0,0,0,0,0,0,,
,,,June,Low,Lions Bay 2,6,E,0,0,0,0,720,720,0,0,0,0,0,0,0,,0,0,0,0,1,1,0.301029996,1,0.301029996,0,0,0,0,0,0,0,0,0,0,0,0,0,0,0,0,0,0,0,0,0,0,0,0,0,0,0,,
,,,June,Low,Lions Bay 2,6,C,0,0,0,0,720,720,0,0,0,0,0,0,0,,0,0,0,0,0,0,0,0,0,0,0,0,0,0,0,0,0,0,0,0,0,0,0,0,0,0,0,0,0,0,0,0,0,0,0,0,,
,,,June,Low,Lions Bay 2,6,I,0,0,0,0,720,720,0,0,0,0,0,0,0,,0,0,4,0,0,0,0,0,0,0,0,0,0,0,0,0,0,0,0,0,0,0,0,0,0,0,0,0,0,0,0,0,0,0,0,0,,
,,,June,Low,Lions Bay 2,7,C,0,0,0,0,720,720,0,0,0,0,0,0,0,,0,0,0,0,0,0,0,0,0,0.015625,1.5625,0,0,0,0,0,0,0,0,0,0,0,0,0,0,0,0,0,0,0,0,0,0,0,0,0,,
,,,June,Low,Lions Bay 2,7,I,0,0,0,0,720,720,0,0,0,0,0,0,0,,0,0,4,0,0,0,0,0,0,0,0,0,0,0,0,0,0,0,0,0,0,0,0,0,0,0,0,0,0,0,0,0,0,0,0,0,,
,,,June,Low,Lions Bay 2,7,E,0,0,0,0,800,800,0,0,0,0,0,0,0,,0,0,0,0,0,0,0,0,0,0,0,0,0,0,0,0,0,0,0,0,0,0,0,0,0,0,0,0,0,0,0,0,0,0,0,0,,
06-06-11,13:00:00,10,June,Low,Rope Site 2,1,C,0,0,0,0,1920,1920,0,0,0,0,0,0,0,,0,0,0,0,0,0,0,0,0,0.03125,3.125,0,0,0,0,0,0,0,0,0,0,0,0.453125,45.3125,0,0,0,0,0,0,0,0,45.3125,45.3125,0,0,,
,,,June,Low,Rope Site 2,1,E,0,0,0,0,1920,1920,0,0,0,0,0,0,0,,0,0,0,0,0,0,0,0,0,0.015625,1.5625,0,0,0,0,0,0,0,0,0,0,0,0.265625,26.5625,0,0,0,0,0,0,0,0,26.5625,26.5625,0,0,,
,,,June,Low,Rope Site 2,1,I,0,0,0,0,1920,1920,0,0,0,0,0,0,0,,0,0,4,0,6,6,0.84509804,6,0.84509804,0,0,0,0,0,0,0,0,0,0,0,0,0,0.734375,73.4375,0,0,0,0,0,0,0,0,73.4375,73.4375,0,0,,
,,,June,Low,Rope Site 2,2,C,0,0,0,0,1920,1920,0,0,0,0,0,0,0,,0,0,0,0,0,0,0,0,0,0,0,0,0,0,0,0,0,0,0,0,0,0,0.171875,17.1875,0,0,0,0,0,0,0,0,17.1875,17.1875,0,0,,
,,,June,Low,Rope Site 2,2,I,0,0,0,0,1920,1920,0,0,0,0,0,0,0,,0,0,4,0,0,0,0,2,0.477121255,0,0,0,0,0,0,0,0,0,0,0,0,0,0.046875,4.6875,0,0,0,0,0,0,0,0,4.6875,4.6875,0,0,,
,,,June,Low,Rope Site 2,2,E,0,0,0,0,1920,1920,0,0,0,0,0,0,0,1 para,1,0.301029996,0,0,0,0,0,5,0.77815125,0.015625,1.5625,0,0,0,0,0,0,0,0,0,0,0,0.15625,15.625,0,0,0,0,0,0,0,0,15.625,15.625,0,0,,
,,,June,Low,Rope Site 2,3,E,0,0,0,0,1920,1920,0,0,0,0,0,0,0,,0,0,0,0,0,0,0,0,0,0,0,0,0,0,0,0,0,0,0,0,0,0,0.078125,7.8125,0,0,0,0,0,0,0,0,7.8125,7.8125,0,0,,
,,,June,Low,Rope Site 2,3,C,0,0,0,0,1920,1920,0,0,0,0,0,0,0,,0,0,0,0,0,0,0,0,0,0.015625,1.5625,0,0,0,0,0,0,0,0,0,0,0,0.046875,4.6875,0,0,0,0,0,0,0,0,4.6875,4.6875,0,0,,
,,,June,Low,Rope Site 2,3,I,0,0,0,0,1920,1920,0,0,0,0,0,0,0,,0,0,4,0,0,0,0,3,0.602059991,0.015625,1.5625,0,0,0,0,0,0,0,0,0,0,0,0.125,12.5,0,0,0,0,0,0,0,0,12.5,12.5,0,0,,
,,,June,Low,Rope Site 2,4,I,0,0,0,0,1920,1920,0,0,0,0,0,0,0,,0,0,4,0,0,0,0,1,0.301029996,0,0,0,0,0,0,0,0,0,0,0,0,0,0.03125,3.125,0,0,0,0,0,0,0,0,3.125,3.125,0,0,,
,,,June,Low,Rope Site 2,4,E,0,0,0,0,1920,1920,0,0,0,0,0,0,0,,0,0,0,0,0,0,0,0,0,0,0,0,0,0,0,0,0,0,0,0,0,0,0.125,12.5,0,0,0,0,0,0,0,0,12.5,12.5,0,0,,
,,,June,Low,Rope Site 2,4,C,0,0,0,0,1920,1920,0,0,0,0,0,0,0,,0,0,0,0,0,0,0,0,0,0.0078125,0.78125,0,0,0,0,0,0,0,0,0,0,0,0.125,12.5,0,0,0,0,0,0,0,0,12.5,12.5,0,0,,
,,,June,Low,Rope Site 2,5,E,0,0,0,0,1920,1920,0,0,0,0,0,0,0,,0,0,0,0,0,0,0,0,0,0,0,0,0,0,0,0,0,0,0,0,0,0,0.15625,15.625,0,0,0,0,0,0,0,0,15.625,15.625,0,0,,
,,,June,Low,Rope Site 2,5,I,0,0,0,0,1920,1920,0,0,0,0,0,0,0,,0,0,4,0,0,0,0,0,0,0,0,0,0,0,0,0,0,0,0,0,0,0,0.0625,6.25,0,0,0,0,0,0,0,0,6.25,6.25,0,0,,
,,,June,Low,Rope Site 2,5,C,0,0,0,0,1920,1920,0,0,0,0,0,0,0,,0,0,0,0,0,0,0,0,0,0,0,0,0,0,0,0,0,0,0,0,0,0,0.203125,20.3125,0,0,0,0,0,0,0,0,20.3125,20.3125,0,0,,
,,,June,Low,Rope Site 2,6,I,0,0,0,0,1920,1920,0,0,0,0,0,0,0,1 pelta,1,0.301029996,3,0,0,0,0,0,0,0.0078125,0.78125,0,0,0,0,0,0,0,0,0,0,0,0.484375,48.4375,0,0,0,0,0,0,0,0,48.4375,48.4375,0,0,,
,,,June,Low,Rope Site 2,6,C,0,0,0,0,1920,1920,0,0,0,0,0,0,0,,0,0,0,0,0,0,0,0,0,0.0078125,0.78125,0,0,0,0,0,0,0,0,0,0,0,0.546875,54.6875,0,0,0,0,0,0,0,0,54.6875,54.6875,0,0,,
,,,June,Low,Rope Site 2,6,E,0,0,0,0,1920,1920,0,0,0,0,0,0,0,,0,0,0,0,0,0,0,0,0,0,0,0,0,0,0,0,0,0,0,0,0,0,0.078125,7.8125,0,0,0,0,0,0,0,0,7.8125,7.8125,0,0,,
,,,June,Low,Rope Site 2,7,C,0,0,0,0,1920,1920,0,0,0,0,0,0,0,,0,0,0,0,0,0,0,0,0,0,0,0,0,0,0,0,0,0,0,0,0,0,0.90625,90.625,0,0,0,0,0,0,0,0,90.625,90.625,0,0,,
,,,June,Low,Rope Site 2,7,E,0,0,0,0,1920,1920,0,0,0,0,0,0,0,,0,0,0,0,0,0,0,0,0,0,0,0,0,0,0,0,0,0,0,0,0,0,0.140625,14.0625,0,0,0,0,0,0,0,0,14.0625,14.0625,0,0,,
,,,June,Low,Rope Site 2,7,I,0,0,0,0,1920,1920,0,0,0,0,0,0,0,,0,0,4,0,0,0,0,0,0,0,0,0,0,0,0,0,0,0,0,0,0,0,0.328125,32.8125,0,0,0,0,0,0,0,0,32.8125,32.8125,0,0,,
27-06-11,08:00:00,20,July,High,Ruckle,1,I,1212.8,3.084147133,0,0,0,1212.8,0,0,0,0,0,0,0,"1 para, 1 pelta",2,0.477121255,3,0,0,0,0,1,0.301029996,0,0,0,0,0,0,0,0,0,0,0,0.4375,43.75,0.046875,4.6875,0,0,0,0,0,0,0,0,4.6875,4.6875,0,0,,
,,,July,High,Ruckle,1,E,1116.8,3.048364105,0,0,0,1116.8,0,0,0,0,0,0,0,1 para,1,0.301029996,0,0,0,0,0,0,0,0,0,0,0,0,0,0,0,0,0,0,0.328125,32.8125,0.1875,18.75,0,0,0,0,0,0,0,0,18.75,18.75,0,0,,
,,,July,High,Ruckle,1,C,133,2.127104798,0,0,0,133,0,0,0,0,0,0,0,,0,0,0,0,0,0,0,0,0,0,0,0,0,0,0,0,0,0,0,0,0,0,0.90625,90.625,0,0,0,0,0,0,0,0,90.625,90.625,0,0,,
,,,July,High,Ruckle,2,C,1814.4,3.258972331,0,0,0,1814.4,0,0,0,0,0,0,0,,0,0,0,0,2,2,0.477121255,2,0.477121255,0,0,0,0,2,0,0,0,0,0,0,0.03125,3.125,0,0,0,0,0,0,0,0,0,0,0,0,0,0,,
,,,July,High,Ruckle,2,I,886.4,2.948119424,0,0,0,886.4,0,0,0,0,0,0,0,"3 para, 3uk, 2 pelta",8,0.954242509,2,0,0,0,0,3,0.602059991,0,0,0,0,0,0,0,0,0,0,0,0.171875,17.1875,0.25,25,0,0,0,0,0,0,0,0,25,25,0,0,,
,,,July,High,Ruckle,2,E,940.8,2.973958686,0,0,0,940.8,0,0,0,0,0,0,0,2 para,2,0.477121255,0,0,0,0,0,1,0.301029996,0,0,0,0,0,0,0,0,0,0,0,0.59375,59.375,0.046875,4.6875,0,0,0,0,0,0,0,0,4.6875,4.6875,0,0,,
,,,July,High,Ruckle,3,I,1193.6,3.07722251,0,0,0,1193.6,0,0,0,0,0,0,0,2 pelta,2,0.477121255,2,0,0,0,0,1,0.301029996,0,0,0,0,0,0,0,0,0,0,0,0.09375,9.375,0.25,25,0,0,0,0,0,0,0,0,25,25,0,0,,
,,,July,High,Ruckle,3,C,1248,3.096562438,217.6,2.339650158,0,1465.6,0,0,0,0,0,0,0,,0,0,0,0,7,7,0.903089987,7,0.903089987,0,0,0,0,0,0,0,0,0,0,0,0,0,0,0,0,0,0,0,0,0,0,0,0,0,0,0,,
,,,July,High,Ruckle,3,E,700.8,2.846213364,0,0,0,700.8,0,0,0,0,0,0,0,,0,0,0,0,0,0,0,1,0.301029996,0,0,0,0,0,0,0,0,0,0,0,0,0,0.9375,93.75,0,0,0,0,0,0,0,0,93.75,93.75,0,0,,
,,,July,High,Ruckle,4,I,1033.6,3.014772474,2,0.477121255,0,1035.6,0,0,0,0,0,0,0,3 pelta,3,0.602059991,1,0,0,0,0,3,0.602059991,0,0,0,0,0,0,0,0,0,0,0,0.15625,15.625,0,0,0,0,0,0,0,0,0,0,0,0,0,0,,
,,,July,High,Ruckle,4,C,1235.2,3.092088739,8,0.954242509,0,1243.2,0,0,0,1,0,0,1,,1,0.301029996,0,0,0,0,0,0,0,0,0,0,0,0,0,0,0,0,0,0,0.421875,42.1875,0,0,0,0,0,0,0,0,0,0,0,0,0,0,,
,,,July,High,Ruckle,4,E,774.4,2.889525797,0,0,0,774.4,0,0,0,0,0,0,0,,0,0,0,0,0,0,0,1,0.301029996,0,0,0,0,0,0,0,0,0,0,0,0.609375,60.9375,0.375,37.5,0,0,0,0,0,0,0,0,37.5,37.5,0,0,,
,,,July,High,Ruckle,5,E,985.6,2.994141111,0,0,0,985.6,0,0,0,0,0,0,0,1 para,1,0.301029996,0,0,2,2,0.477121255,19,1.301029996,0,0,0,0,0,0,0,0,0,0,0,0.09375,9.375,0.828125,82.8125,0,0,0,0,0,0,0,0,82.8125,82.8125,0,0,,Touched Up
,,,July,High,Ruckle,5,C,1030.4,3.013427127,150.4,2.180125875,0,1180.8,0,0,0,0,0,0,0,1 para,1,0.301029996,0,0,22,22,1.361727836,22,1.361727836,0,0,0,0,0,0,0,0,0,0,0,0,0,0,0,0,0,0,0,0,0,0,0,0,0,0,0,,
,,,July,High,Ruckle,5,I,1116.8,3.048364105,115.2,2.065206128,0,1232,0,0,0,1,0,0,1,"1 para, 4 pelta",6,0.84509804,0,0,4,4,0.698970004,5,0.77815125,0,0,0,0,0,0,0,0,0,0,0,0,0,0,0,0,0,0,0,0,0,0,0,0,0,0,0,,
,,,July,High,Ruckle,6,C,304,2.484299839,115.2,2.065206128,0,419.2,0,0,0,0,0,0,0,"34 para, 1 digitalis",35,1.556302501,0,0,30,30,1.491361694,30,1.491361694,0.015625,1.5625,0,0,0,0.078125,7.8125,0,0,0,0,0,0,0,0,0,0,0,0,0,0,0,0,0,0,7.8125,7.8125,,
,,,July,High,Ruckle,6,E,720,2.857935265,0,0,0,720,0,0,0,0,0,0,0,2 para,2,0.477121255,0,0,0,0,0,5,0.77815125,0,0,0,0,0,0,0,0,0,0,0,0,0,1,100,0,0,0,0,0,0,0,0,100,100,0,0,,
,,,July,High,Ruckle,6,I,1104,3.043362278,0,0,0,1104,0,0,0,0,0,0,0,"2 para, 1 uk, 3 pelta",6,0.84509804,1,0,0,0,0,11,1.079181246,0,0,0,0,0,0,0,0,0,0,0,0,0,0.140625,14.0625,0,0,0,0,0,0,0,0,14.0625,14.0625,0,0,,
,,,July,High,Ruckle,7,I,656,2.81756537,67,1.832508913,0,723,0,0,0,0,0,0,0,,0,0,4,0,0,0,0,8,0.954242509,0,0,0,0,0,0,0,0,0,0,0,0,0,0.625,62.5,0,0,0,0,0,0,0,0,62.5,62.5,0,0,,
,,,July,High,Ruckle,7,E,646.4,2.811172695,0,0,0,646.4,0,0,0,0,0,0,0,8 para,8,0.954242509,0,0,0,0,0,5,0.77815125,0,0,0,0,0,0,0,0,0,0,0,0,0,0.84375,84.375,0,0,0,0,0,0,0,0,84.375,84.375,0,0,,
,,,July,High,Ruckle,7,C,1478.4,3.170085614,108.8,2.04060234,0,1587.2,0,0,0,0,0,0,0,,0,0,0,0,33,33,1.531478917,33,1.531478917,0,0,0,0,0,0,0,0,0,0,0,0,0,0,0,0,0,0,0,0,0,0,0,0,0,0,0,,
28-06-11,10:00:00,26,July,High,Eagle Cove ,1,C,2400,3.38039216,259.2,2.415307292,0,2659.2,0,0,0,0,0,0,0,,0,0,0,0,17,17,1.255272505,17,1.255272505,0,0,0,0,0,0,0,0,0,0,0,0,0,0,0,0,0,0,0,0,0,0.0078125,0.78125,0,0,0,0.78125,,
,,,July,High,Eagle Cove ,1,E,476.8,2.679246145,5,0.77815125,0,481.8,0,0,0,0,0,0,0,1 para,1,0.301029996,0,0,2,2,0.477121255,8,0.954242509,0,0,0,0,0,0,0,0,0,0,0,0,0,0.96875,96.875,0,0,0,0,0,0,0,0,96.875,96.875,0,0,,
,,,July,High,Eagle Cove ,1,I,950.4,2.978363147,2,0.477121255,0,952.4,0,0,0,0,0,0,0,1 para,1,0.301029996,4,0,1,1,0.301029996,9,1,0.0078125,0.78125,0,0,0,0,0,0,0,0,0,0.03125,3.125,0.8125,81.25,0,0,0,0,0,0,0,0,81.25,81.25,0,0,,
,,,July,High,Eagle Cove ,2,I,1600,3.204391332,230.4,2.364363355,0,1830.4,0,1,0,0,0,0,1,2 pelta,3,0.602059991,2,0,25,25,1.414973348,47,1.681241237,0,0,0,0,0,0,0,0,0,0,0,0,0,0,0,0,0,0,0,0,0,0,0,0,0,0,0,,
,,,July,High,Eagle Cove ,2,C,1440,3.158663981,294.4,2.470410491,0,1734.4,0,0,0,0,0,0,0,,0,0,0,0,14,14,1.176091259,14,1.176091259,0,0,0,0,0,0,0,0,0,0,0,0,0,0,0,0,0,0,0,0,0,0,0,0,0,0,0,,
,,,July,High,Eagle Cove ,2,E,1280,3.10754913,16,1.230448921,0,1296,0,0,0,0,0,0,0,1 para,1,0.301029996,0,0,5,5,0.77815125,25,1.414973348,0.0078125,0.78125,0,0,0,0.015625,1.5625,0,0,0,0,0,0,0.59375,59.375,0,0,0,0,0,0,0,0,59.375,59.375,1.5625,1.5625,,
,,,July,High,Eagle Cove ,3,E,1920,3.283527365,246.4,2.393399695,0,2166.4,0,0,0,0,0,0,0,,0,0,0,0,10,10,1.041392685,19,1.301029996,0,0,0,0,0,0,0,0,0,0,0,0,0,0,0,0,0,0,0,0,0,0,0,0,0,0,0,,
,,,July,High,Eagle Cove ,3,C,1600,3.204391332,473.6,2.676327734,0,2073.6,0,0,0,0,0,0,0,,0,0,0,0,3,3,0.602059991,3,0.602059991,0,0,0,0,0,0,0,0,0,0,0,0,0,0,0,0,0,0,0,0,0,0.0078125,0.78125,0,0,0,0.78125,,
,,,July,High,Eagle Cove ,3,I,1760,3.245759356,166.4,2.223755454,0,1926.4,0,0,0,0,0,0,0,"2 para, 1 scutum",3,0.602059991,4,0,8,8,0.954242509,29,1.477121255,0.015625,1.5625,0,0,0,0.015625,1.5625,0,0,0,0,0,0,0,0,0,0,0,0,0,0,0.0078125,0.78125,0,0,1.5625,2.34375,,
,,,July,High,Eagle Cove ,4,I,1760,3.245759356,291.2,2.465680212,0,2051.2,0,0,0,0,0,0,0,1 pelta,1,0.301029996,3,0,5,5,0.77815125,28,1.462397998,0,0,0,0,0,0,0,0,0,0,0,0,0,0,0,0,0,0,0,0,0,0,0,0,0,0,0,,
,,,July,High,Eagle Cove ,4,C,1324.8,3.122478015,156.8,2.198106999,0,1481.6,0,0,0,0,0,0,0,,0,0,0,0,45,45,1.662757832,45,1.662757832,0.015625,1.5625,0,0,0,0,0,0,0,0,0,0,0,0,0,0,0,0,0,0,0,0,0,0,0,0,0,,
,,,July,High,Eagle Cove ,4,E,1760,3.245759356,137.6,2.14176323,0,1897.6,0,0,0,0,0,0,0,,0,0,0,0,12,12,1.113943352,26,1.431363764,0,0,0,0,0,0,0,0,0,0,0,0,0,0,0,0,0,0,0,0,0,0,0,0,0,0,0,,
,,,July,High,Eagle Cove ,5,I,1760,3.245759356,115.2,2.065206128,0,1875.2,0,0,0,0,0,0,0,"1 para, 2 pelta",3,0.602059991,2,0,18,18,1.278753601,40,1.612783857,0.015625,1.5625,0,0,0,0,0,0,0,0,0,0,0,0,0,0,0,0,0,0,0,0,0,0,0,0,0,,
,,,July,High,Eagle Cove ,5,C,1578.666667,3.198565454,371.2,2.570776369,0,1949.866667,0,0,0,0,0,0,0,,0,0,0,0,5,5,0.77815125,5,0.77815125,0,0,0,0,0,0,0,0,0,0,0,0,0,0,0,0,0,0,0,0,0,0,0,0,0,0,0,,
,,,July,High,Eagle Cove ,5,E,1760,3.245759356,38.4,1.595496222,0,1798.4,0,0,0,0,0,0,0,,0,0,0,0,1,1,0.301029996,10,1.041392685,0,0,0,0,0,0,0,0,0,0,0,0,0,0.515625,51.5625,0,0,0,0,0.0078125,0.78125,0,0,51.5625,52.34375,0,0,,
,,,July,High,Eagle Cove ,6,C,963.2,2.984167127,320,2.506505032,0,1283.2,0,0,0,0,0,0,0,,0,0,0,0,8,8,0.954242509,8,0.954242509,0,0,0,0,0,0,0,0,0,0,0,0,0,0,0,0,0,0,0,0,0,0,0,0,0,0,0,,
,,,July,High,Eagle Cove ,6,I,2400,3.38039216,108.8,2.04060234,0,2508.8,0,0,0,0,0,0,0,2 pelta,2,0.477121255,2,0,2,2,0.477121255,55,1.748188027,0,0,0,0,0,0,0,0,0,0,0,0,0,0,0,0,0,0,0,0,0,0,0,0,0,0,0,,
,,,July,High,Eagle Cove ,6,E,1760,3.245759356,0,0,0,1760,0,0,0,0,0,0,0,,0,0,0,0,0,0,0,5,0.77815125,0,0,0,0,0,0,0,0,0,0,0,0,0,1,100,0,0,0,0,0,0,0,0,100,100,0,0,,
,,,July,High,Eagle Cove ,7,E,1200,3.079543007,60.8,1.790988475,0,1260.8,0,0,0,0,0,0,0,,0,0,0,0,2,2,0.477121255,27,1.447158031,0,0,0,0,0,0,0,0,0,0,0,0,0,0.34375,34.375,0,0,0,0,0,0,0,0,34.375,34.375,0,0,,
,,,July,High,Eagle Cove ,7,I,1600,3.204391332,44.8,1.660865478,0,1644.8,0,0,0,0,0,0,0,2 pelta,2,0.477121255,2,0,5,5,0.77815125,14,1.176091259,0.015625,1.5625,0,0,0,0,0,0,0,0,0,0,0,0.65625,65.625,0,0,0,0,0,0,0,0,65.625,65.625,0,0,,
,,,July,High,Eagle Cove ,7,C,3200,3.505285674,246.4,2.393399695,0,3446.4,0,0,0,0,0,0,0,,0,0,0,0,1,1,0.301029996,1,0.301029996,0,0,0,0,0,0,0,0,0,0,0,0,0,0.171875,17.1875,0,0,0,0,0,0,0,0,17.1875,17.1875,0,0,,
29-06-11,09:30:00,23.5,July,High,Hailstorm 2,1,C,972.8,2.98846977,57.6,1.767897616,0,1030.4,0,0,0,3,0,4,7,,7,0.903089987,0,0,3,3,0.602059991,3,0.602059991,0,0,0,0,0,0,0,0,0,0,0,0,0,0,0,0,0,0,0,0,0,0.0078125,0.78125,0,0,0,0.78125,,
,,,July,High,Hailstorm 2,1,E,960,2.982723388,0,0,0,960,0,0,0,0,0,0,0,,0,0,0,0,0,0,0,1,0.301029996,0,0,0,0,0,0,0,0,0,0,0,0.90625,90.625,0,0,0,0,0,0,0,0,0,0,0,0,0,0,,
,,,July,High,Hailstorm 2,1,I,1120,3.049605613,9,1,0,1129,0,0,0,0,0,0,0,4 pelta   ,4,0.698970004,0,0,1,1,0.301029996,3,0.602059991,0,0,0,0,0,0,0,0,0,0,0,0.0625,6.25,0,0,0,0,0,0,0,0,0,0,0,0,0,0,,
,,,July,High,Hailstorm 2,2,I,960,2.982723388,8,0.954242509,0,968,0,0,0,0,0,0,0,4 pelta   ,4,0.698970004,0,0,1,1,0.301029996,10,1.041392685,0,0,0,0,0,0,0,0,0,0,0,0,0,0,0,0,0,0,0,0,0,0,0,0,0,0,0,,
,,,July,High,Hailstorm 2,2,E,1120,3.049605613,0,0,0,1120,0,0,0,0,0,0,0,,0,0,0,0,0,0,0,6,0.84509804,0,0,0,0,0,0,0,0,0,0,0,0.109375,10.9375,0.078125,7.8125,0,0,0,0,0,0,0,0,7.8125,7.8125,0,0,,
,,,July,High,Hailstorm 2,2,C,979.2,2.991314698,204.8,2.31344537,0,1184,0,0,0,1,0,2,3,,3,0.602059991,0,0,3,3,0.602059991,3,0.602059991,0,0,0,0,0,0.015625,1.5625,0,0,0,0,0,0,0,0,0,0,0,0,0,0,0,0,0,0,1.5625,1.5625,,
,,,July,High,Hailstorm 2,3,E,921.6,2.96501345,9.6,1.025305865,0,931.2,0,0,0,0,0,0,0,,0,0,0,0,0,0,0,1,0.301029996,0,0,0,0,0,0,0,0,0,0,0,0,0,0.046875,4.6875,0,0,0,0,0,0,0,0,4.6875,4.6875,0,0,,
,,,July,High,Hailstorm 2,3,I,832,2.920645001,19.2,1.305351369,0,851.2,0,0,0,0,0,0,0,3 pelta,3,0.602059991,1,0,0,0,0,0,0,0,0,0,0,0,0,0,0,0,0,0,0,0,0.125,12.5,0,0,0,0,0,0,0,0,12.5,12.5,0,0,,
,,,July,High,Hailstorm 2,3,C,127,2.10720997,57,1.763427994,0,184,0,0,0,0,0,0,0,,0,0,0,0,0,0,0,0,0,0,0,0,0,0,0,0,0,0,0,0,0,0,0,0,0,0,0,0,0,0,0,0,0,0,0,0,,
,,,July,High,Hailstorm 2,4,E,960,2.982723388,10,1.041392685,0,970,0,0,0,0,0,0,0,,0,0,0,0,0,0,0,0,0,0,0,0,0,0,0,0,0,0,0,0,0,0,0.203125,20.3125,0,0,0,0,0,0,0,0,20.3125,20.3125,0,0,,
,,,July,High,Hailstorm 2,4,C,896,2.952792443,115.2,2.065206128,0,1011.2,0,0,0,0,0,0,0,,0,0,0,0,1,1,0.301029996,1,0.301029996,0,0,0,0,0,0.03125,3.125,0,0,0,0,0,0,0,0,0,0,0,0,0,0,0,0,0,0,3.125,3.125,,
,,,July,High,Hailstorm 2,4,I,960,2.982723388,2,0.477121255,0,962,0,0,0,0,0,0,0,"2 pelta, 1 para",3,0.602059991,2,0,0,0,0,2,0.477121255,0,0,0,0,0,0,0,0,0,0,0,0,0,0.15625,15.625,0,0,0,0,0,0,0,0,15.625,15.625,0,0,,
,,,July,High,Hailstorm 2,5,I,825.6,2.917295401,12.8,1.139879086,0,838.4,0,0,0,0,0,0,0,3 pelta,3,0.602059991,1,0,0,0,0,0,0,0,0,0,0,0,0.046875,4.6875,0,0,0,0,0,0,0.109375,10.9375,0,0,0,0,0,0,0,0,10.9375,10.9375,4.6875,4.6875,,
,,,July,High,Hailstorm 2,5,C,547.2,2.738939031,41.6,1.629409599,0,588.8,0,0,0,0,0,0,0,,0,0,0,0,1,1,0.301029996,1,0.301029996,0,0,0,0,0,0.015625,1.5625,0,0,0,0,0,0,0,0,0,0,0,0,0,0,0,0,0,0,1.5625,1.5625,,
,,,July,High,Hailstorm 2,5,E,1046.4,3.02011257,0,0,0,1046.4,0,0,0,0,0,0,0,,0,0,0,0,0,0,0,0,0,0,0,0,0,0,0.03125,3.125,0,0,0,0,0,0,0.046875,4.6875,0,0,0,0,0,0,0,0,4.6875,4.6875,3.125,3.125,,
,,,July,High,Hailstorm 2,6,I,406.4,2.610021025,6.4,0.86923172,0,412.8,0,0,0,0,0,0,0,2 pelta,2,0.477121255,2,0,0,0,0,0,0,0,0,0,0,0,0.046875,4.6875,0,0,0,0,0,0,0.046875,4.6875,0,0,0,0,0,0,0,0,4.6875,4.6875,4.6875,4.6875,,
,,,July,High,Hailstorm 2,6,E,697.6,2.844228581,0,0,0,697.6,0,0,0,0,0,0,0,,0,0,0,0,0,0,0,2,0.477121255,0,0,0,0,0,0.015625,1.5625,0,0,0,0,0,0,0,0,0,0,0,0,0,0,0,0,0,0,1.5625,1.5625,,
,,,July,High,Hailstorm 2,6,C,116,2.068185862,11,1.079181246,0,127,0,0,0,0,0,0,0,,0,0,0,0,1,1,0.301029996,1,0.301029996,0,0,0,0,0,0.015625,1.5625,0,0,0,0,0,0,0,0,0,0,0,0,0,0,0,0,0,0,1.5625,1.5625,,
,,,July,High,Hailstorm 2,7,E,480,2.682145076,0,0,0,480,0,0,0,0,0,0,0,,0,0,0,0,0,0,0,0,0,0,0,0,0,0,0.015625,1.5625,0,0,0,0,0,0,0.25,25,0,0,0,0,0,0,0,0,25,25,1.5625,1.5625,,
,,,July,High,Hailstorm 2,7,I,384,2.58546073,0,0,0,384,0,0,0,0,0,0,0,4 pelta   ,4,0.698970004,0,0,0,0,0,0,0,0,0,0,0,0,0,0,0,0,0,0,0,0,0.046875,4.6875,0,0,0,0,0,0,0,0,4.6875,4.6875,0,0,,
,,,July,High,Hailstorm 2,7,C,518.4,2.715501945,12.8,1.139879086,0,531.2,0,0,0,0,0,0,0,,0,0,0,0,0,0,0,0,0,0,0,0,0,0,0,0,0,0,0,0,0,0,0,0,0,0,0,0,0,0,0,0,0,0,0,0,,
30-06-11,09:30:00,11.5,July,Low,Horseshoe Bay,1,C,9,1,0,0,0,9,0,0,0,0,0,0,0,,0,0,0,0,0,0,0,0,0,0,0,0,0,0,0,0,0,0,0,0,0,0,1,100,0,0,0,0,0,0,0,0,100,100,0,0,,
,,,July,Low,Horseshoe Bay,1,E,1232,3.090963077,83.2,1.925312091,0,1315.2,0,0,0,0,0,0,0,,0,0,0,0,0,0,0,26,1.431363764,0.046875,4.6875,0,0,0,0,0,0,0,0,0,0,0,0.15625,15.625,0,0,0,0,0,0,0,0,15.625,15.625,0,0,,
,,,July,Low,Horseshoe Bay,1,I,1251.2,3.097673699,16,1.230448921,0,1267.2,0,0,0,0,0,0,0,1 pelta,1,0.301029996,3,0,0,0,0,21,1.342422681,0.046875,4.6875,0,0,0,0.03125,3.125,0,0,0,0,0,0,0.140625,14.0625,0,0,0,0,0,0,0,0,14.0625,14.0625,3.125,3.125,,
,,,July,Low,Horseshoe Bay,2,E,531.2,2.72607487,105.6,2.027757205,0,636.8,0,0,0,0,0,0,0,,0,0,0,0,0,0,0,0,0,0,0,0,0,0,0.09375,9.375,0,0,0,0,0,0,0.46875,46.875,0,0,0,0,0,0,0,0,46.875,46.875,9.375,9.375,,
,,,July,Low,Horseshoe Bay,2,C,358.4,2.555578073,128,2.11058971,0,486.4,0,0,0,0,0,0,0,,0,0,0,0,0,0,0,0,0,0,0,0,0,0,0.140625,14.0625,0,0,0,0,0,0,0.578125,57.8125,0,0,0,0,0,0,0.0078125,0.78125,57.8125,57.8125,14.0625,14.84375,,
,,,July,Low,Horseshoe Bay,2,I,192,2.285557309,16,1.230448921,0,208,0,0,0,0,0,0,0,,0,0,4,0,0,0,0,0,0,0,0,0,0,0,0.015625,1.5625,0,0,0,0,0,0,0.875,87.5,0,0,0,0,0,0,0,0,87.5,87.5,1.5625,1.5625,,
,,,July,Low,Horseshoe Bay,3,I,752,2.876794976,41.6,1.629409599,0,793.6,0,0,0,0,0,0,0,2 pelta,2,0.477121255,2,0,0,0,0,2,0.477121255,0,0,0,0,0,0,0,0,0,0,0,0,0,0.71875,71.875,0,0,0,0,0,0,0,0,71.875,71.875,0,0,,
,,,July,Low,Horseshoe Bay,3,E,336,2.527629901,0,0,0,336,0,0,0,0,0,0,0,,0,0,0,0,0,0,0,0,0,0,0,0,0,0,0,0,0,0,0,0,0,0,0.84375,84.375,0,0,0,0,0,0,0,0,84.375,84.375,0,0,,
,,,July,Low,Horseshoe Bay,3,C,819.2,2.913919765,160,2.206825876,0,979.2,0,0,0,0,0,0,0,,0,0,0,0,0,0,0,0,0,0,0,0,0,0,0.03125,3.125,0,0,0,0,0,0,0.5,50,0,0,0,0,0,0,0,0,50,50,3.125,3.125,,
,,,July,Low,Horseshoe Bay,4,C,832,2.920645001,121.6,2.08849047,0,953.6,0,0,0,0,0,0,0,,0,0,0,0,0,0,0,0,0,0,0,0,0,0,0.046875,4.6875,0,0,0,0,0,0,0.453125,45.3125,0,0,0,0,0,0,0,0,45.3125,45.3125,4.6875,4.6875,,
,,,July,Low,Horseshoe Bay,4,I,1081.6,3.034468023,128,2.11058971,0,1209.6,0,0,0,0,0,0,0,,0,0,4,0,0,0,0,0,0,0,0,0,0,0,0.03125,3.125,0,0,0,0,0,0,0.4375,43.75,0,0,0,0,0,0,0,0,43.75,43.75,3.125,3.125,,
,,,July,Low,Horseshoe Bay,4,E,960,2.982723388,28.8,1.474216264,0,988.8,0,0,0,0,0,0,0,,0,0,0,0,0,0,0,0,0,0,0,0,0,0,0.046875,4.6875,0,0,0,0,0,0,0.59375,59.375,0,0,0,0,0,0,0,0,59.375,59.375,4.6875,4.6875,,
,,,July,Low,Horseshoe Bay,5,I,931.2,2.969509099,67.2,1.833784375,0,998.4,0,0,0,0,0,0,0,,0,0,4,0,0,0,0,0,0,0,0,0,0,0,0.125,12.5,0,0,0,0,0,0,0.40625,40.625,0,0,0,0,0,0,0,0,40.625,40.625,12.5,12.5,,
,,,July,Low,Horseshoe Bay,5,C,416,2.620136055,41.6,1.629409599,0,457.6,0,0,0,0,0,0,0,,0,0,0,0,0,0,0,0,0,0,0,0,0,0,0.0625,6.25,0,0,0,0,0,0,0.796875,79.6875,0,0,0,0,0,0,0,0,79.6875,79.6875,6.25,6.25,,
,,,July,Low,Horseshoe Bay,5,E,947.2,2.976899951,204.8,2.31344537,0,1152,0,0,0,0,0,0,0,,0,0,0,0,0,0,0,0,0,0,0,0,0,0,0.046875,4.6875,0,0,0,0,0,0,0.296875,29.6875,0,0,0,0,0,0,0,0,29.6875,29.6875,4.6875,4.6875,,
,,,July,Low,Horseshoe Bay,6,I,42.6,1.639486489,108.8,2.04060234,0,151.4,0,0,0,0,0,0,0,,0,0,4,0,0,0,0,0,0,0,0,0,0,0,0.015625,1.5625,0,0,0,0,0,0,0.0625,6.25,0,0,0,0,0,0,0,0,6.25,6.25,1.5625,1.5625,,
,,,July,Low,Horseshoe Bay,6,E,585.6,2.768342059,38.4,1.595496222,0,624,0,0,0,0,0,0,0,,0,0,0,0,0,0,0,0,0,0,0,0,0,0,0,0,0,0,0,0,0,0,0.28125,28.125,0,0,0,0,0,0,0.015625,1.5625,28.125,28.125,0,1.5625,,
,,,July,Low,Horseshoe Bay,6,C,208,2.320146286,76.8,1.890979597,0,284.8,0,0,0,0,0,0,0,,0,0,0,0,0,0,0,0,0,0,0,0,0,0,0,0,0,0,0,0,0,0,0.015625,1.5625,0,0,0,0,0,0,0.015625,1.5625,1.5625,1.5625,0,1.5625,,
,,,July,Low,Horseshoe Bay,7,C,169.6,2.231979027,278.4,2.446226402,0,448,0,0,0,0,0,0,0,,0,0,0,0,0,0,0,0,0,0,0,0,0,0,0.046875,4.6875,0,0,0,0,0,0,0,0,0,0,0,0,0,0,0,0,0,0,4.6875,4.6875,,
,,,July,Low,Horseshoe Bay,7,E,416,2.620136055,502.4,2.701913211,0,918.4,0,0,0,0,0,0,0,,0,0,0,0,0,0,0,0,0,0,0,0,0,0,0.046875,4.6875,0,0,0,0,0,0,0,0,0,0,0,0,0,0,0,0,0,0,4.6875,4.6875,,
,,,July,Low,Horseshoe Bay,7,I,268.8,2.431041945,300.8,2.479719235,0,569.6,0,0,0,0,0,0,0,,0,0,4,0,0,0,0,1,0.301029996,0,0,0,0,0,0.09375,9.375,0,0,0,0,0,0,0,0,0,0,0,0,0,0,0,0,0,0,9.375,9.375,,
30-06-11,12:00:00,8.5,July,Low,Lions Bay 2,1,E,103,2.017033339,0,0,0,103,0,0,0,0,0,0,0,,0,0,0,0,0,0,0,0,0,0,0,0,0,0,0.03125,3.125,0,0,0,0,0,0,0.1875,18.75,0,0,0,0,0,0,0,0,18.75,18.75,3.125,3.125,,
,,,July,Low,Lions Bay 2,1,I,428.8,2.633266411,9.6,1.025305865,0,438.4,0,0,0,0,0,0,0,,0,0,4,0,0,0,0,0,0,0.015625,1.5625,0,0,0,0.109375,10.9375,0,0,0,0,0,0,0.640625,64.0625,0,0,0,0,0,0,0,0,64.0625,64.0625,10.9375,10.9375,,
,,,July,Low,Lions Bay 2,1,C,275.2,2.441223674,0,0,0,275.2,0,0,0,0,0,0,0,,0,0,0,0,0,0,0,0,0,0,0,0,0,0,0.015625,1.5625,0,0,0,0,0,0,0.765625,76.5625,0,0,0,0,0,0,0,0,76.5625,76.5625,1.5625,1.5625,,
,,,July,Low,Lions Bay 2,2,C,31,1.505149978,2,0.477121255,0,33,0,0,0,0,0,0,0,,0,0,0,0,0,0,0,0,0,0,0,0,0,0,0,0,0,0,0,0,0,0,0.921875,92.1875,0,0,0,0,0,0,0.015625,1.5625,92.1875,92.1875,0,1.5625,,
,,,July,Low,Lions Bay 2,2,E,262.4,2.420615771,6.4,0.86923172,0,268.8,0,0,0,0,0,0,0,,0,0,0,0,0,0,0,0,0,0,0,0,0,0,0,0,0,0,0,0,0,0,0.71875,71.875,0,0,0,0,0,0,0.015625,1.5625,71.875,71.875,0,1.5625,,
,,,July,Low,Lions Bay 2,2,I,313.6,2.497758718,0,0,0,313.6,0,0,0,0,0,0,0,,0,0,4,0,0,0,0,0,0,0,0,0,0,0,0.125,12.5,0,0,0,0,0,0,0.28125,28.125,0,0,0,0,0,0,0,0,28.125,28.125,12.5,12.5,,
,,,July,Low,Lions Bay 2,3,I,608,2.784617293,2,0.477121255,0,610,0,0,0,0,0,0,0,,0,0,4,0,0,0,0,0,0,0,0,0,0,0,0,0,0,0,0,0,0,0,0.140625,14.0625,0,0,0,0,0,0,0,0,14.0625,14.0625,0,0,,
,,,July,Low,Lions Bay 2,3,E,304,2.484299839,6,0.84509804,0,310,0,0,0,0,0,0,0,,0,0,0,0,0,0,0,0,0,0,0,0,0,0,0,0,0,0,0,0,0,0,0.6875,68.75,0,0,0,0,0,0,0,0,68.75,68.75,0,0,,
,,,July,Low,Lions Bay 2,3,C,67,1.832508913,0,0,0,67,0,0,0,0,0,0,0,,0,0,0,0,0,0,0,0,0,0,0,0,0,0,0.015625,1.5625,0,0,0,0,0,0,0.375,37.5,0,0,0,0,0,0,0,0,37.5,37.5,1.5625,1.5625,,
,,,July,Low,Lions Bay 2,4,I,233.6,2.370328008,1,0.301029996,0,234.6,0,0,0,0,0,0,0,,0,0,4,0,0,0,0,0,0,0,0,0,0,0,0.03125,3.125,0,0,0,0,0,0,0.78125,78.125,0,0,0,0,0,0,0,0,78.125,78.125,3.125,3.125,,
,,,July,Low,Lions Bay 2,4,C,473.6,2.676327734,3,0.602059991,0,476.6,0,0,0,0,0,0,0,,0,0,0,0,0,0,0,0,0,0,0,0,0,0,0.046875,4.6875,0,0,0,0,0,0,0.625,62.5,0,0,0,0,0,0,0.015625,1.5625,62.5,62.5,4.6875,6.25,,
,,,July,Low,Lions Bay 2,4,E,633.6,2.802500068,3,0.602059991,0,636.6,0,0,0,0,0,0,0,,0,0,0,0,0,0,0,0,0,0,0,0,0,0,0.03125,3.125,0,0,0,0,0,0,0.28125,28.125,0,0,0,0,0,0,0,0,28.125,28.125,3.125,3.125,,
,,,July,Low,Lions Bay 2,5,I,358.4,2.555578073,0,0,0,358.4,0,0,0,0,0,0,0,,0,0,4,0,0,0,0,0,0,0,0,0,0,0,0.015625,1.5625,0,0,0,0,0,0,0.6875,68.75,0,0,0,0,0,0,0,0,68.75,68.75,1.5625,1.5625,,
,,,July,Low,Lions Bay 2,5,E,320,2.506505032,0,0,0,320,0,0,0,0,0,0,0,,0,0,0,0,0,0,0,0,0,0,0,0,0,0,0,0,0,0,0,0,0,0,0.84375,84.375,0,0,0,0,0,0,0,0,84.375,84.375,0,0,,
,,,July,Low,Lions Bay 2,5,C,20,1.322219295,0,0,0,20,0,0,0,0,0,0,0,,0,0,0,0,0,0,0,0,0,0,0,0,0,0,0,0,0,0,0,0,0,0,1,100,0,0,0,0,0,0,0,0,100,100,0,0,,
,,,July,Low,Lions Bay 2,6,E,307.2,2.488832634,6.4,0.86923172,0,313.6,0,0,0,0,0,0,0,,0,0,0,0,0,0,0,0,0,0,0,0,0,0,0,0,0,0,0,0,0,0,0.84375,84.375,0,0,0,0,0,0,0,0,84.375,84.375,0,0,,
,,,July,Low,Lions Bay 2,6,C,77,1.892094603,0,0,0,77,0,0,0,0,0,0,0,,0,0,0,0,0,0,0,0,0,0,0,0,0,0,0,0,0,0,0,0,0,0,0.96875,96.875,0,0,0,0,0,0,0,0,96.875,96.875,0,0,,
,,,July,Low,Lions Bay 2,6,I,630.4,2.800304578,0,0,0,630.4,0,0,0,0,0,0,0,,0,0,4,0,0,0,0,0,0,0,0,0,0,0,0,0,0,0,0,0,0,0,0.375,37.5,0,0,0,0,0,0,0,0,37.5,37.5,0,0,,
,,,July,Low,Lions Bay 2,7,C,272,2.436162647,0,0,0,272,0,0,0,0,0,0,0,,0,0,0,0,0,0,0,0,0,0.015625,1.5625,0,0,0,0,0,0,0,0,0,0,0,0.703125,70.3125,0,0,0,0,0,0,0,0,70.3125,70.3125,0,0,,
,,,July,Low,Lions Bay 2,7,I,361.6,2.5594278,0,0,0,361.6,0,0,0,0,0,0,0,,0,0,4,0,0,0,0,0,0,0,0,0,0,0,0,0,0,0,0,0,0,0,0.90625,90.625,0,0,0,0,0,0,0,0,90.625,90.625,0,0,,
,,,July,Low,Lions Bay 2,7,E,323.2,2.510813011,0,0,0,323.2,0,0,0,0,0,0,0,,0,0,0,0,0,0,0,0,0,0,0,0,0,0,0,0,0,0,0,0,0,0,0.59375,59.375,0,0,0,0,0,0,0,0,59.375,59.375,0,0,,
06-07-11,12:30:00,9,July,Low,Rope Site 2,1,C,1120,3.049605613,0,0,0,1120,0,0,0,0,0,0,0,,0,0,0,0,0,0,0,0,0,0.015625,1.5625,0,0,0,0,0,0,0,0,0,0,0,0.75,75,0,0,0,0,0,0,0,0,75,75,0,0,,
,,,July,Low,Rope Site 2,1,E,1379.2,3.139942023,0,0,0,1379.2,0,0,0,0,0,0,0,,0,0,0,0,0,0,0,0,0,0,0,0,0,0,0,0,0,0,0,0,0,0,0.65625,65.625,0,0,0,0,0,0,0,0,65.625,65.625,0,0,,
,,,July,Low,Rope Site 2,1,I,1440,3.158663981,0,0,0,1440,0,0,0,0,0,0,0,,0,0,4,0,0,0,0,0,0,0,0,0,0,0,0,0,0,0,0,0,0,0,0.890625,89.0625,0,0,0,0,0,0,0,0,89.0625,89.0625,0,0,,
,,,July,Low,Rope Site 2,2,C,1430.4,3.155761013,0,0,0,1430.4,0,0,0,0,0,0,0,,0,0,0,0,0,0,0,0,0,0,0,0,0,0,0,0,0,0,0,0,0,0,0.421875,42.1875,0,0,0,0,0,0,0.015625,1.5625,42.1875,42.1875,0,1.5625,,
,,,July,Low,Rope Site 2,2,I,1440,3.158663981,0,0,0,1440,0,0,0,0,0,0,0,,0,0,4,0,0,0,0,0,0,0,0,0,0,0,0,0,0,0,0,0,0,0,0.640625,64.0625,0,0,0,0,0,0,0.015625,1.5625,64.0625,64.0625,0,1.5625,,
,,,July,Low,Rope Site 2,2,E,1440,3.158663981,0,0,0,1440,0,0,0,0,0,0,0,,0,0,0,0,0,0,0,0,0,0,0,0,0,0,0,0,0,0,0,0,0,0,0.46875,46.875,0,0,0,0,0,0,0,0,46.875,46.875,0,0,,
,,,July,Low,Rope Site 2,3,E,1120,3.049605613,0,0,0,1120,0,0,0,0,0,0,0,,0,0,0,0,0,0,0,0,0,0,0,0,0,0,0,0,0,0,0,0,0,0,0.359375,35.9375,0,0,0,0,0,0,0,0,35.9375,35.9375,0,0,,
,,,July,Low,Rope Site 2,3,C,1360,3.133858125,0,0,0,1360,0,0,0,0,0,0,0,,0,0,0,0,0,0,0,0,0,0.0078125,0.78125,0,0,0,0,0,0,0,0,0,0,0,0.375,37.5,0,0,0,0,0,0,0,0,37.5,37.5,0,0,,
,,,July,Low,Rope Site 2,3,I,1440,3.158663981,0,0,0,1440,0,0,0,0,0,0,0,,0,0,4,0,0,0,0,0,0,0,0,0,0,0,0,0,0,0,0,0,0,0,0.703125,70.3125,0,0,0,0,0,0,0,0,70.3125,70.3125,0,0,,
,,,July,Low,Rope Site 2,4,I,1440,3.158663981,0,0,0,1440,0,0,0,0,0,0,0,,0,0,4,0,0,0,0,0,0,0,0,0,0,0,0,0,0,0,0,0,0,0,0.4375,43.75,0,0,0,0,0,0,0,0,43.75,43.75,0,0,,
,,,July,Low,Rope Site 2,4,E,1440,3.158663981,0,0,0,1440,0,0,0,0,0,0,0,,0,0,0,0,0,0,0,0,0,0,0,0,0,0,0,0,0,0,0,0,0,0,0.46875,46.875,0,0,0,0,0,0,0,0,46.875,46.875,0,0,,
,,,July,Low,Rope Site 2,4,C,1440,3.158663981,0,0,0,1440,0,0,0,0,0,0,0,,0,0,0,0,0,0,0,0,0,0,0,0,0,0,0,0,0,0,0,0,0,0,0.390625,39.0625,0,0,0,0,0,0,0,0,39.0625,39.0625,0,0,,
,,,July,Low,Rope Site 2,5,E,1440,3.158663981,0,0,0,1440,0,0,0,0,0,0,0,,0,0,0,0,0,0,0,0,0,0,0,0,0,0,0,0,0,0,0,0,0,0,0.6875,68.75,0,0,0,0,0,0,0,0,68.75,68.75,0,0,,
,,,July,Low,Rope Site 2,5,I,1440,3.158663981,0,0,0,1440,0,0,0,0,0,0,0,,0,0,4,0,0,0,0,0,0,0,0,0,0,0,0,0,0,0,0,0,0,0,0.578125,57.8125,0,0,0,0,0,0,0,0,57.8125,57.8125,0,0,,
,,,July,Low,Rope Site 2,5,C,1430.4,3.155761013,0,0,0,1430.4,0,0,0,0,0,0,0,,0,0,0,0,0,0,0,0,0,0.015625,1.5625,0,0,0,0,0,0,0,0,0,0,0,0.625,62.5,0,0,0,0,0,0,0,0,62.5,62.5,0,0,,
,,,July,Low,Rope Site 2,6,I,1120,3.049605613,0,0,0,1120,0,0,0,0,0,0,0,,0,0,4,0,0,0,0,0,0,0.015625,1.5625,0,0,0,0,0,0,0,0,0,0,0,0.546875,54.6875,0,0,0,0,0,0,0,0,54.6875,54.6875,0,0,,
,,,July,Low,Rope Site 2,6,C,1248,3.096562438,0,0,0,1248,0,0,0,0,0,0,0,,0,0,0,0,0,0,0,0,0,0.015625,1.5625,0,0,0,0,0,0,0,0,0,0,0,0.421875,42.1875,0,0,0,0,0,0,0.015625,1.5625,42.1875,42.1875,0,1.5625,,
,,,July,Low,Rope Site 2,6,E,1440,3.158663981,0,0,0,1440,0,0,0,0,0,0,0,,0,0,0,0,0,0,0,0,0,0,0,0,0,0,0,0,0,0,0,0,0,0,0.5,50,0,0,0,0,0,0,0,0,50,50,0,0,,
,,,July,Low,Rope Site 2,7,C,1539.2,3.187577119,0,0,0,1539.2,0,0,0,0,0,0,0,,0,0,0,0,0,0,0,0,0,0.21875,21.875,0,0,0,0,0,0,0,0,0,0,0,0.4375,43.75,0,0,0,0,0,0,0,0,43.75,43.75,0,0,,
,,,July,Low,Rope Site 2,7,E,1360,3.133858125,0,0,0,1360,0,0,0,0,0,0,0,,0,0,0,0,0,0,0,0,0,0.015625,1.5625,0,0,0,0,0,0,0,0,0,0,0,0.4375,43.75,0,0,0,0,0,0,0,0,43.75,43.75,0,0,,
,,,July,Low,Rope Site 2,7,I,1360,3.133858125,0,0,0,1360,0,0,0,0,0,0,0,,0,0,4,0,0,0,0,0,0,0.015625,1.5625,0,0,0,0,0,0,0,0,0,0,0,0.5625,56.25,0,0,0,0,0,0,0.015625,1.5625,56.25,56.25,0,1.5625,,
01-09-11,24:00:00,26,September,High,Hailstorm 2,1,C,140.8,2.151676231,73.6,1.872738827,0,214.4,0,0,0,15,0,4,19,,19,1.301029996,0,0,0,0,0,0,0,0,0,0,0,0,0,0,0,0,0,0,0,0,0,0,0.015625,1.5625,0,0,0,0,0,0,1.5625,1.5625,0,0,,
,,,September,High,Hailstorm 2,1,E,179.2,2.255754787,3.2,0.62324929,0,182.4,0,0,0,0,0,0,0,1 scutum,1,0.301029996,0,0,0,0,0,0,0,0,0,0,0,0,0,0,0,0,0.015625,1.5625,0,0,0,0,0.46875,46.875,0,0,0.015625,1.5625,0,0,46.875,48.4375,1.5625,1.5625,,
,,,September,High,Hailstorm 2,1,I,147.2,2.170848204,3.2,0.62324929,0,150.4,0,0,0,0,1,1,2,,2,0.477121255,0,0,0,0,0,1,0.301029996,0,0,0,0,0,0,0,0,0,0,0,0,0,0,0,0.015625,1.5625,0,0,0,0,0,0,1.5625,1.5625,0,0,,
,,,September,High,Hailstorm 2,2,I,124.8,2.099680641,0,0,0,124.8,0,0,0,0,0,0,0,,0,0,0,0,0,0,0,0,0,0,0,0,0,0,0,0,0,0,0,0,0,0,0,0,0.0625,6.25,0,0,0,0,0,0,6.25,6.25,0,0,"1 hermit crab, 2 green worm",
,,,September,High,Hailstorm 2,2,E,252.8,2.404491618,0,0,0,252.8,0,0,0,0,0,0,0,,0,0,0,0,0,0,0,0,0,0,0,0,0,0,0,0,0,0,0,0,0,0,0,0,0.28125,28.125,0,0,0.03125,3.125,0.015625,1.5625,28.125,31.25,0,1.5625,"6 green worm, 1 red worm",
,,,September,High,Hailstorm 2,2,C,320,2.506505032,57.6,1.767897616,0,377.6,0,0,0,20,0,9,29,,29,1.477121255,0,0,0,0,0,0,0,0,0,0,0,0,0.015625,1.5625,0,0,0,0,0,0,0,0,0,0,0,0,0.015625,1.5625,0,0,0,1.5625,1.5625,1.5625,,
,,,September,High,Hailstorm 2,3,E,262.4,2.420615771,16,1.230448921,0,278.4,0,0,0,0,0,0,0,,0,0,0,0,0,0,0,0,0,0,0,0,0,0,0,0,0,0,0.015625,1.5625,0,0,0,0,0.015625,1.5625,0,0,0,0,0.015625,1.5625,1.5625,1.5625,1.5625,3.125,,
,,,September,High,Hailstorm 2,3,I,147.2,2.170848204,3.2,0.62324929,0,150.4,0,0,0,2,0,0,2,,2,0.477121255,0,0,0,0,0,0,0,0,0,0,0,0,0,0,0,0,0,0,0,0,0,0,0.03125,3.125,0,0,0,0,0.015625,1.5625,3.125,3.125,0,1.5625,,
,,,September,High,Hailstorm 2,3,C,99.2,2.000867722,99.2,2.000867722,0,198.4,0,0,0,0,2,0,2,,2,0.477121255,0,0,0,0,0,0,0,0,0,0,0,0,0,0,0,0,0,0,0,0,0,0,0.03125,3.125,0,0,0.03125,3.125,0,0,3.125,6.25,0,0,,
,,,September,High,Hailstorm 2,4,E,672,2.828015064,0,0,0,672,0,0,0,0,0,0,0,5 para,5,0.77815125,0,0,0,0,0,3,0.602059991,0,0,0,0,0,0,0,0,0,0,0,0,0,0,0,0.375,37.5,0,0,0.03125,3.125,0.015625,1.5625,37.5,40.625,0,1.5625,,
,,,September,High,Hailstorm 2,4,C,640,2.80685803,67.2,1.833784375,0,707.2,0,0,0,0,0,1,1,,1,0.301029996,0,0,2,2,0.477121255,2,0.477121255,0,0,0,0,0,0,0,0,0,0,0,0,0,0,0,0.0078125,0.78125,0,0,0,0,0.03125,3.125,0.78125,0.78125,0,3.125,3 green worm,
,,,September,High,Hailstorm 2,4,I,784,2.894869657,0,0,0,784,0,0,0,0,0,0,0,1 para,1,0.301029996,0,0,2,2,0.477121255,8,0.954242509,0,0,0,0,2,0,0,0,0,0,0,0,0,0,0,0.53125,53.125,0,0,0.015625,1.5625,0,0,53.125,54.6875,0,0,,
,,,September,High,Hailstorm 2,5,I,403,2.606381365,0,0,0,403,0,0,0,0,0,0,0,1 pelta,1,0.301029996,0,1,0,1,0.301029996,3,0.602059991,0,0,0,0,0,0,0,0,0,0,0,0,0,0,0,0,0,0,0,0,0,0,0,0,0,0,0,4 green worm,
,,,September,High,Hailstorm 2,5,C,368,2.567026366,44.8,1.660865478,0,412.8,0,0,0,11,0,0,11,,11,1.079181246,0,0,1,1,0.301029996,1,0.301029996,0,0,0,0,0,0,0,0.03125,3.125,0,0,0,0,0,0,0,0,0,0,0,0,0,0,0,0,3.125,3.125,,
,,,September,High,Hailstorm 2,5,E,480,2.682145076,0,0,0,480,0,0,0,0,0,0,0,,0,0,0,1,1,2,0.477121255,2,0.477121255,0,0,0,0,0,0,0,0.03125,3.125,0,0,0,0,0,0,0,0,0,0,0.015625,1.5625,0,0,0,1.5625,3.125,3.125,,
,,,September,High,Hailstorm 2,6,I,432,2.636487896,3.2,0.62324929,0,435.2,0,0,0,0,0,0,0,,0,0,0,0,0,0,0,0,0,0,0,0,0,0,0,0,0,0,0,0,0,0,0,0,0.015625,1.5625,0,0,0.0078125,0.78125,0,0,1.5625,2.34375,0,0,,
,,,September,High,Hailstorm 2,6,E,464,2.667452953,0,0,0,464,0,0,0,0,0,0,0,,0,0,0,0,0,0,0,1,0.301029996,0,0,0,0,0,0,0,0,0,0,0,0,0,0,0,0.09375,9.375,0,0,0.046875,4.6875,0,0,9.375,14.0625,0,0,,
,,,September,High,Hailstorm 2,6,C,172.8,2.240049772,12.8,1.139879086,0,185.6,0,0,0,7,0,0,7,,7,0.903089987,0,0,0,0,0,0,0,0,0,0,0,0,0,0,0,0,0,0,0,0,0,0,0,0,0,0,0.03125,3.125,0,0,0,3.125,0,0,,
,,,September,High,Hailstorm 2,7,E,444.8,2.649140064,0,0,0,444.8,0,0,0,0,0,0,0,,0,0,0,0,1,1,0.301029996,1,0.301029996,0,0,0,0,0,0,0,0,0,0,0,0,0,0,0,0,0,0,0,0,0,0,0,0,0,0,0,1 hermit crab,
,,,September,High,Hailstorm 2,7,I,374.4,2.574494268,0,0,0,374.4,0,0,0,0,0,0,0,1 para,1,0.301029996,0,0,0,0,0,1,0.301029996,0,0,0,0,0,0,0,0,0,0,0,0,0,0,0,0,0,0,0,0,0,0,0,0,0,0,0,,
,,,September,High,Hailstorm 2,7,C,438.4,2.642860053,7,0.903089987,0,445.4,0,0,0,4,0,0,4,,4,0.698970004,0,0,1,1,0.301029996,1,0.301029996,0,0,0,0,0,0,0,0,0,0,0,0,0,0,0,0,0,0,0,0,0,0,0,0,0,0,0,,
01-09-11,23:00:00,28.5,September,High,Ruckle,1,I,73.6,1.872738827,0,0,0,73.6,0,0,0,0,0,0,0,,0,0,0,0,0,0,0,0,0,0,0,0,0,0,0,0,0,0,0,0,0.9375,93.75,0,0,0,0,0.0625,6.25,0,0,0,0,6.25,6.25,0,0,,
,,,September,High,Ruckle,1,E,115.2,2.065206128,0,0,0,115.2,0,0,0,0,0,0,0,,0,0,0,0,0,0,0,0,0,0,0,0,0,0,0,0,0,0,0,0,0.59375,59.375,0,0,0.0625,6.25,0.03125,3.125,0,0,0,0,9.375,9.375,0,0,,
,,,September,High,Ruckle,1,C,800,2.903632516,0,0,0,800,0,0,0,0,0,0,0,,0,0,0,6,1,7,0.903089987,7,0.903089987,0.015625,1.5625,0,0,4,0,0,0,0,0,0,0,0,0,0,0,0,0,0,0,0,0,0,0,0,0,0,10 green worms,
,,,September,High,Ruckle,2,C,515.2,2.712818,12.8,1.139879086,0,528,0,0,0,2,0,0,2,,2,0.477121255,0,3,0,3,0.602059991,3,0.602059991,0,0,0,0,2,0,0,0,0,0,0,0,0,0,0,0.59375,59.375,0,0,0,0,0,0,59.375,59.375,0,0,1 green worm,
,,,September,High,Ruckle,2,I,275.2,2.441223674,3.2,0.62324929,0,278.4,0,0,0,1,0,0,1,1 para,2,0.477121255,0,3,0,3,0.602059991,3,0.602059991,0,0,0,0,0,0,0,0,0,0,0,0.203125,20.3125,0,0,0.140625,14.0625,0,0,0,0,0,0,14.0625,14.0625,0,0,4 green worm,
,,,September,High,Ruckle,2,E,384,2.58546073,6.4,0.86923172,0,390.4,0,0,0,0,0,0,0,1 para,1,0.301029996,0,1,0,1,0.301029996,3,0.602059991,0,0,0,0,1,0,0,0,0,0,0,0.0625,6.25,0,0,0.375,37.5,0,0,0,0,0,0,37.5,37.5,0,0,1 green worm,
,,,September,High,Ruckle,3,I,508.8,2.707399831,22.4,1.369215857,0,531.2,0,1,0,0,0,0,1,"2 para, 1 pelta",4,0.698970004,0,0,0,0,0,2,0.477121255,0,0,0,0,27,0,0,0,0,0,0,0,0,0,0,0.125,12.5,0,0,0,0,0,0,12.5,12.5,0,0,2 green worm,
,,,September,High,Ruckle,3,C,521.6,2.718169405,166.4,2.223755454,0,688,1,0,0,4,0,0,5,,5,0.77815125,0,11,0,11,1.079181246,11,1.079181246,0,0,0,0,2,0,0,0,0,0,0,0,0,0,0,0.65625,65.625,0,0,0,0,0,0,65.625,65.625,0,0,2 green worm,
,,,September,High,Ruckle,3,E,624,2.795880017,3.2,0.62324929,0,627.2,0,0,0,2,0,0,2,"16 para, 1 digitalis",19,1.301029996,0,1,0,1,0.301029996,5,0.77815125,0,0,0,0,2,0,0,0,0,0,0,0,0,0,0,0.25,25,0,0,0.015625,1.5625,0,0,25,26.5625,0,0,2 green worm,
,,,September,High,Ruckle,4,I,492.8,2.693551086,3.2,0.62324929,0,496,0,0,0,0,0,0,0,1 pelta,1,0.301029996,0,0,0,0,0,5,0.77815125,0,0,0,0,3,0,0,0,0,0,0,0,0,0,0,0.234375,23.4375,0,0,0,0,0,0,23.4375,23.4375,0,0,9 green worm,
,,,September,High,Ruckle,4,C,419.2,2.623456048,0,0,0,419.2,0,0,0,0,0,0,0,,0,0,0,7,0,7,0.903089987,7,0.903089987,0,0,0,0,2,0,0,0,0,0,0,0,0,0,0,0.109375,10.9375,0,0,0,0,0,0,10.9375,10.9375,0,0,3 green worm,
,,,September,High,Ruckle,4,E,371.2,2.570776369,0,0,0,371.2,0,0,0,0,0,0,0,2 para,2,0.477121255,0,4,0,4,0.698970004,7,0.903089987,0,0,0,0,2,0,0,0,0,0,0,0,0,0,0,0.875,87.5,0,0,0,0,0,0,87.5,87.5,0,0,1 amphissa,
,,,September,High,Ruckle,5,E,358.4,2.555578073,0,0,0,358.4,0,0,0,0,0,0,0,,0,0,0,3,0,3,0.602059991,10,1.041392685,0,0,0,0,2,0,0,0,0,0,0,0,0,0,0,0.21875,21.875,0,0,0,0,0,0,21.875,21.875,0,0,1 green worm,
,,,September,High,Ruckle,5,C,256,2.409933123,60.8,1.790988475,0,316.8,2,0,0,4,0,0,6,,6,0.84509804,0,14,0,14,1.176091259,14,1.176091259,0,0,0,0,0,0,0,0,0,0,0,0,0,0,0,0.34375,34.375,0,0,0,0,0,0,34.375,34.375,0,0,4 green worm,
,,,September,High,Ruckle,5,I,454.4,2.658393026,32,1.51851394,0,486.4,0,1,0,0,0,0,1,"10 para, 1 pelta",12,1.113943352,0,6,0,6,0.84509804,9,1,0,0,0.015625,1.5625,2,0,0,0,0,0,0,0,0,0,0,0,0,0,0,0,0,0,0,0,0,0,0,4 green worm,
,,,September,High,Ruckle,6,C,128,2.11058971,211.2,2.32674538,0,339.2,0,0,0,26,0,1,27,,27,1.447158031,0,0,0,0,0,0,0,0.015625,1.5625,0,0,0,0,0,0,0,0,0,0,0,0,0,0.0625,6.25,0,0,0,0,0,0,6.25,6.25,0,0,,
,,,September,High,Ruckle,6,E,566.4,2.753889331,35.2,1.558708571,0,601.6,0,0,0,0,0,0,0,,0,0,0,0,0,0,0,0,0,0,0,0,0,3,0,0,0,0,0,0,0,0,0,0,0.203125,20.3125,0,0,0.015625,1.5625,0,0,20.3125,21.875,0,0,1 green worm,
,,,September,High,Ruckle,6,I,409.6,2.613418945,0,0,0,409.6,0,0,0,0,0,0,0,4 para,4,0.698970004,0,2,0,2,0.477121255,4,0.698970004,0,0,0,0,2,0,0,0,0,0,0,0,0,0,0,0.015625,1.5625,0,0,0,0,0,0,1.5625,1.5625,0,0,2 green worm,
,,,September,High,Ruckle,7,I,435.2,2.639685661,76.8,1.890979597,0,512,0,0,0,2,0,0,2,,2,0.477121255,0,6,0,6,0.84509804,14,1.176091259,0,0,0,0,9,0,0,0,0,0,0,0,0,0,0,0.296875,29.6875,0,0,0,0,0,0,29.6875,29.6875,0,0,,
,,,September,High,Ruckle,7,E,473.6,2.676327734,6.4,0.86923172,0,480,0,0,0,1,0,0,1,,1,0.301029996,0,1,0,1,0.301029996,11,1.079181246,0,0,0,0,2,0,0,0,0,0,0,0,0,0,0,0.375,37.5,0,0,0,0,0,0,37.5,37.5,0,0,,
,,,September,High,Ruckle,7,C,531.2,2.72607487,25.6,1.424881637,0,556.8,0,0,0,1,0,0,1,,1,0.301029996,0,1,0,1,0.301029996,1,0.301029996,0,0,0,0,13,0,0,0,0,0,0,0,0,0,0,0.8125,81.25,0,0,0,0,0,0,81.25,81.25,0,0,2 green worm,
02-09-11,04:30:00,28,September,High,Eagle Cove ,1,C,588,2.770115295,147,2.170261715,0,735,0,1,0,1,0,0,2,,2,0.477121255,0,0,0,0,0,0,0,0,0,0,0,0,0,0,0,0,0,0,0,0,0,0,0.34375,34.375,0,0,0.0078125,0.78125,0,0,34.375,35.15625,0,0,,
,,,September,High,Eagle Cove ,1,E,1050,3.021602716,60,1.785329835,0,1110,0,0,0,1,0,0,1,"1 para, 1 pelta",3,0.602059991,0,0,2,2,0.477121255,18,1.278753601,0,0,0,0,0,0,0,0,0,0,0,0,0,0,0,0.171875,17.1875,0,0,0.0078125,0.78125,0,0,17.1875,17.96875,0,0,,
,,,September,High,Eagle Cove ,1,I,900,2.954724791,135,2.133538908,0,1035,0,0,0,0,0,0,0,3 pelta,3,0.602059991,0,0,5,5,0.77815125,23,1.380211242,0,0,0,0,0,0,0,0,0,0,0,0,0,0,0,0.28125,28.125,0,0,0,0,0,0,28.125,28.125,0,0,1 green worm,
,,,September,High,Eagle Cove ,2,I,625,2.796574333,48,1.69019608,0,673,0,0,0,0,0,0,0,2 para,2,0.477121255,0,0,17,17,1.255272505,52,1.72427587,0,0,0,0,0,0,0,0,0,0,0,0,0,0,0,0.03125,3.125,0,0,0,0,0,0,3.125,3.125,0,0,,
,,,September,High,Eagle Cove ,2,C,652.5,2.815245592,43.5,1.648360011,0,696,0,1,0,2,0,0,3,,3,0.602059991,0,0,27,27,1.447158031,27,1.447158031,0,0,0,0,0,0,0,0,0,0,0,0,0,0,0,0.28125,28.125,0,0,0,0,0.078125,7.8125,28.125,28.125,0,7.8125,1 green worm,
,,,September,High,Eagle Cove ,2,E,602,2.780317312,74,1.875061263,0,676,0,0,0,0,0,0,0,,0,0,0,0,7,7,0.903089987,20,1.322219295,0.015625,1.5625,0,0,0,0.015625,1.5625,0,0,0,0,0,0,0,0,0.65625,65.625,0,0,0,0,0,0,65.625,65.625,1.5625,1.5625,,
,,,September,High,Eagle Cove ,3,E,930,2.968949681,139.5,2.147676324,0,1069.5,0,0,0,0,0,0,0,1 para,1,0.301029996,0,0,10,10,1.041392685,24,1.397940009,0,0,0,0,0,0,0,0,0,0,0,0,0,0,0,0.1875,18.75,0,0,0.078125,7.8125,0.03125,3.125,18.75,26.5625,0,3.125,1 green worm,
,,,September,High,Eagle Cove ,3,C,1348.5,3.130172889,124,2.096910013,0,1472.5,0,0,0,0,0,0,0,,0,0,0,0,89,89,1.954242509,89,1.954242509,0,0,0,0,0,0,0,0,0,0,0,0,0,0,0,0,0,0,0,0.046875,4.6875,0.0625,6.25,0,4.6875,0,6.25,,
,,,September,High,Eagle Cove ,3,I,1058.5,3.025100961,112,2.053078443,0,1170.5,0,0,0,1,0,0,1,1 pelta,2,0.477121255,0,0,30,30,1.491361694,67,1.832508913,0,0,0,0,0,0,0,0,0,0,0,0,0,0,0,0.046875,4.6875,0,0,0,0,0,0,4.6875,4.6875,0,0,1 green worm,
,,,September,High,Eagle Cove ,4,I,687.5,2.837903945,64,1.812913357,0,751.5,0,0,0,1,0,0,1,,1,0.301029996,0,0,9,9,1,25,1.414973348,0,0,0,0,0,0,0,0,0,0,0,0,0,0,0,0,0,0,0,0,0,0,0,0,0,0,0,1 green worm,
,,,September,High,Eagle Cove ,4,C,720,2.857935265,80,1.908485019,0,800,0,0,0,0,0,0,0,,0,0,0,0,29,29,1.477121255,29,1.477121255,0,0,0,0,0,0,0,0,0,0,0,0,0,0,0,0.5,50,0,0,0.015625,1.5625,0,0,50,51.5625,0,0,4 green worm,
,,,September,High,Eagle Cove ,4,E,608,2.784617293,64,1.812913357,0,672,0,0,0,0,0,0,0,,0,0,0,0,7,7,0.903089987,9,1,0,0,0,0,0,0,0,0,0,0,0,0,0,0,0,0.703125,70.3125,0,0,0,0,0,0,70.3125,70.3125,0,0,1 green worm,
,,,September,High,Eagle Cove ,5,I,188.5,2.277609214,96,1.986771734,0,284.5,0,0,0,0,0,0,0,1 para,1,0.301029996,0,0,26,26,1.431363764,37,1.579783597,0.0078125,0.78125,0,0,0,0.0078125,0.78125,0,0,0,0,0,0,0,0,0.171875,17.1875,0,0,0,0,0,0,17.1875,17.1875,0.78125,0.78125,,
,,,September,High,Eagle Cove ,5,C,837,2.923244019,64,1.812913357,0,901,0,0,0,3,0,0,3,,3,0.602059991,0,0,84,84,1.929418926,84,1.929418926,0,0,0,0,0,0,0,0,0,0,0,0,0,0,0,0.03125,3.125,0,0,0,0,0,0,3.125,3.125,0,0,1 green worm,
,,,September,High,Eagle Cove ,5,E,270,2.432969291,48,1.69019608,0,318,0,0,0,0,0,0,0,,0,0,0,0,5,5,0.77815125,11,1.079181246,0,0,0,0,0,0,0,0,0,0,0,0,0,0,0,0.375,37.5,0,0,0.078125,7.8125,0,0,37.5,45.3125,0,0,,
,,,September,High,Eagle Cove ,6,C,608,2.784617293,688,2.838219222,0,1296,0,0,0,0,0,0,0,,0,0,0,0,30,30,1.491361694,30,1.491361694,0,0,0,0,0,0,0,0,0,0,0,0,0,0,0,0.015625,1.5625,0,0,0,0,0,0,1.5625,1.5625,0,0,,
,,,September,High,Eagle Cove ,6,I,480,2.682145076,48,1.69019608,0,528,0,0,0,0,0,0,0,,0,0,0,0,2,2,0.477121255,12,1.113943352,0,0,0,0,0,0,0,0,0,0,0,0,0,0,0,0.609375,60.9375,0,0,0,0,0.0078125,0.78125,60.9375,60.9375,0,0.78125,1 green worm,
,,,September,High,Eagle Cove ,6,E,449.5,2.653694795,32,1.51851394,0,481.5,0,0,0,0,0,0,0,,0,0,0,0,4,4,0.698970004,15,1.204119983,0,0,0,0,0,0,0,0,0,0,0,0,0,0,0,0.078125,7.8125,0,0,0.0078125,0.78125,0,0,7.8125,8.59375,0,0,,
,,,September,High,Eagle Cove ,7,E,78,1.897627091,48,1.69019608,0,126,0,0,0,1,0,0,1,,1,0.301029996,0,0,0,0,0,3,0.602059991,0,0,0,0,0,0,0,0,0,0,0,0.09375,9.375,0,0,0,0,0,0,0,0,0,0,0,0,0,0,,
,,,September,High,Eagle Cove ,7,I,59,1.77815125,48,1.69019608,0,107,0,0,0,1,0,0,1,,1,0.301029996,0,0,8,8,0.954242509,14,1.176091259,0.015625,1.5625,0,0,0,0.03125,3.125,0,0,0,0,0.21875,21.875,0,0,0,0,0,0,0,0,0,0,0,0,3.125,3.125,,
,,,September,High,Eagle Cove ,7,C,48,1.69019608,80,1.908485019,0,128,0,0,0,4,0,0,4,,4,0.698970004,0,0,0,0,0,0,0,0,0,0,0,0,0,0,0,0,0,0,0,0,0,0,0,0,0,0,0,0,0,0,0,0,0,0,,
10-09-11,09:00:00,22,September,Low,Rope Site 2,1,C,377.6,2.57818061,0,0,0,380.1781806,0,0,0,0,0,0,0,,0,0,0,0,1,1,0.301029996,1,0.301029996,0.578125,57.8125,0,0,0,0,0,0,0,0,0,0,0,0,0,1,100,0,0,0,0,0,0,100,100,0,0,,
,,,September,Low,Rope Site 2,1,E,32,1.51851394,1,0.301029996,0,34.81954394,0,0,0,0,0,0,0,,0,0,0,0,2,2,0.477121255,45,1.662757832,0.71875,71.875,0,0,0,0,0,0,0,0,0,0,0,0,0,0.96875,96.875,0,0,0,0,0,0,96.875,96.875,0,0,,
,,,September,Low,Rope Site 2,1,I,1,0.301029996,0,0,0,1.301029996,0,0,0,0,0,0,0,1 para,1,0.301029996,0,0,2,2,0.477121255,13,1.146128036,1,100,0,0,0,0,0,0,0,0,0,0,0,0,0,0.640625,64.0625,0,0,0,0,0,0,64.0625,64.0625,0,0,,
,,,September,Low,Rope Site 2,2,C,236.8,2.37621185,0,0,0,239.1762119,0,0,0,0,0,0,0,,0,0,0,0,2,2,0.477121255,2,0.477121255,0.796875,79.6875,0,0,0,0,0,0,0,0,0,0,0,0,0,0.71875,71.875,0,0,0,0,0,0,71.875,71.875,0,0,,
,,,September,Low,Rope Site 2,2,I,233.6,2.370328008,0,0,0,235.970328,0,0,0,0,0,0,0,,0,0,0,0,0,0,0,53,1.73239376,0.703125,70.3125,0,0,0,0,0,0,0,0,0,0,0,0,0,0.8125,81.25,0,0,0,0,0,0,81.25,81.25,0,0,,
,,,September,Low,Rope Site 2,2,E,348.8,2.543819805,1,0.301029996,0,352.6448498,0,0,0,0,0,0,0,,0,0,0,0,3,3,0.602059991,27,1.447158031,0.625,62.5,0,0,0,0,0,0,0,0,0,0,0,0,0,0.765625,76.5625,0,0,0,0,0,0,76.5625,76.5625,0,0,,
,,,September,Low,Rope Site 2,3,E,441.6,2.64601141,0,0,0,444.2460114,0,0,0,0,0,0,0,,0,0,0,0,1,1,0.301029996,12,1.113943352,0.234375,23.4375,0,0,0,0,0,0,0,0,0,0,0,0.046875,4.6875,0.484375,48.4375,0,0,0,0,0,0,53.125,53.125,0,0,,
,,,September,Low,Rope Site 2,3,C,512,2.710117365,0,0,0,514.7101174,0,0,0,0,0,0,0,,0,0,0,0,2,2,0.477121255,2,0.477121255,0.25,25,0,0,0,0,0,0,0,0,0,0,0,0,0,0.53125,53.125,0,0,0,0,0,0,53.125,53.125,0,0,,
,,,September,Low,Rope Site 2,3,I,345.6,2.539828558,1,0.301029996,0,349.4408586,0,0,0,1,0,0,1,,1,0.301029996,0,0,1,1,0.301029996,6,0.84509804,0.671875,67.1875,0,0,0,0,0,0,0,0,0,0,0,0,0,0.78125,78.125,0,0,0,0,0,0,78.125,78.125,0,0,,
,,,September,Low,Rope Site 2,4,I,368,2.567026366,0,0,0,370.5670264,0,0,0,0,0,0,0,,0,0,0,0,2,2,0.477121255,17,1.255272505,0.578125,57.8125,0,0,0,0,0,0,0,0,0,0,0,0,0,0.9375,93.75,0,0,0,0,0,0,93.75,93.75,0,0,,
,,,September,Low,Rope Site 2,4,E,489.6,2.690727544,0,0,0,492.2907275,0,0,0,0,0,0,0,,0,0,0,0,1,1,0.301029996,11,1.079181246,0.53125,53.125,0,0,0,0,0,0,0,0,0,0,0,0,0,0.90625,90.625,0,0,0,0,0,0,90.625,90.625,0,0,,
,,,September,Low,Rope Site 2,4,C,710.4,2.852113861,0,0,0,713.2521139,0,0,0,0,0,0,0,,0,0,0,0,6,6,0.84509804,6,0.84509804,0.453125,45.3125,0,0,0,0,0,0,0,0,0,0,0,0,0,0.921875,92.1875,0,0,0,0,0,0,92.1875,92.1875,0,0,,
,,,September,Low,Rope Site 2,5,E,528,2.723455672,1,0.301029996,0,532.0244857,0,0,0,0,0,0,0,,0,0,0,0,12,12,1.113943352,24,1.397940009,0.40625,40.625,0,0,0,0,0,0,0,0,0,0,0,0,0,0.703125,70.3125,0,0,0,0,0,0,70.3125,70.3125,0,0,,
,,,September,Low,Rope Site 2,5,I,364.8,2.563243701,0,0,0,367.3632437,0,0,0,0,0,0,0,,0,0,0,0,8,8,0.954242509,16,1.230448921,0.578125,57.8125,0,0,0,0,0,0,0,0,0,0,0,0,0,0.828125,82.8125,0,0,0,0,0,0,82.8125,82.8125,0,0,,
,,,September,Low,Rope Site 2,5,C,0,0,0,0,0,0,0,0,0,0,0,0,0,,0,0,0,0,0,0,0,0,0,1,100,0,0,0,0,0,0,0,0,0,0,0,0,0,0.390625,39.0625,0,0,0,0,0,0,39.0625,39.0625,0,0,,
,,,September,Low,Rope Site 2,6,I,147.2,2.170848204,0,0,0,149.3708482,0,0,0,1,0,0,1,,1,0.301029996,0,0,0,0,0,5,0.77815125,0.828125,82.8125,0,0,0,0,0,0,0,0,0,0,0,0,0,0.96875,96.875,0,0,0,0,0,0,96.875,96.875,0,0,1 white worm,
,,,September,Low,Rope Site 2,6,C,48,1.69019608,0,0,0,49.69019608,0,0,0,0,0,0,0,,0,0,0,0,0,0,0,0,0,0.9375,93.75,0,0,0,0,0,0,0,0,0,0,0,0,0,0.78125,78.125,0,0,0,0,0,0,78.125,78.125,0,0,,
,,,September,Low,Rope Site 2,6,E,307.2,2.488832634,0,0,0,309.6888326,0,0,0,0,0,0,0,,0,0,0,0,3,3,0.602059991,17,1.255272505,0.515625,51.5625,0,0,0,0,0,0,0,0,0,0,0,0,0,0.875,87.5,0,0,0,0,0,0,87.5,87.5,0,0,,
,,,September,Low,Rope Site 2,7,C,0,0,0,0,0,0,0,0,0,0,0,0,0,,0,0,0,0,0,0,0,0,0,1,100,0,0,0,0,0,0,0,0,0,0,0,0,0,0.1875,18.75,0,0,0,0,0,0,18.75,18.75,0,0,,
,,,September,Low,Rope Site 2,7,E,204.8,2.31344537,0,0,0,207.1134454,0,0,0,0,0,0,0,,0,0,0,0,0,0,0,10,1.041392685,0.734375,73.4375,0,0,0,0,0,0,0,0,0,0,0,0,0,0.9375,93.75,0,0,0,0,0,0,93.75,93.75,0,0,,
,,,September,Low,Rope Site 2,7,I,0,0,0,0,0,0,0,0,0,0,0,0,0,,0,0,0,0,0,0,0,0,0,1,100,0,0,0,0,0,0,0,0,0,0,0,0,0,0.5,50,0,0,0,0,0,0,50,50,0,0,,
10-09-11,12:00:00,17.5,September,Low,Lions Bay 2,1,E,44,1.653212514,0,0,0,45.65321251,0,0,0,0,0,0,0,,0,0,0,0,0,0,0,0,0,0,0,0,0,0,0,0,0,0,0,0,0,0,0.21875,21.875,0,0,0,0,0,0,0,0,21.875,21.875,0,0,,
,,,September,Low,Lions Bay 2,1,I,272,2.436162647,0,0,0,274.4361626,0,0,0,0,0,0,0,,0,0,0,1,0,1,0.301029996,1,0.301029996,0,0,0,0,0,0,0,0,0,0,0,0,0,0.265625,26.5625,0,0,0,0,0,0,0.015625,1.5625,26.5625,26.5625,0,1.5625,,
,,,September,Low,Lions Bay 2,1,C,243.2,2.38774566,0,0,0,245.5877457,0,0,0,0,0,0,0,,0,0,0,0,0,0,0,0,0,0,0,0,0,0,0,0,0,0,0,0,0,0,0.359375,35.9375,0,0,0,0,0,0,0.015625,1.5625,35.9375,35.9375,0,1.5625,,
,,,September,Low,Lions Bay 2,2,C,144,2.161368002,0,0,0,146.161368,0,0,0,0,0,0,0,,0,0,0,0,0,0,0,0,0,0,0,0,0,0,0,0,0,0,0,0,0,0,0.265625,26.5625,0,0,0,0,0,0,0.09375,9.375,26.5625,26.5625,0,9.375,,
,,,September,Low,Lions Bay 2,2,E,304,2.484299839,1,0.301029996,0,307.7853298,0,0,0,0,0,0,0,,0,0,0,0,0,0,0,0,0,0,0,0,0,0,0,0,0,0,0,0,0,0,0.1875,18.75,0,0,0,0,0,0,0.046875,4.6875,18.75,18.75,0,4.6875,,
,,,September,Low,Lions Bay 2,2,I,230.4,2.364363355,4,0.698970004,0,237.4633334,0,0,0,0,0,0,0,,0,0,0,0,0,0,0,0,0,0,0,0,0,0,0,0,0,0,0,0,0,0,0.09375,9.375,0,0,0,0,0,0,0,0,9.375,9.375,0,0,,
,,,September,Low,Lions Bay 2,3,I,438.4,2.642860053,28.8,1.474216264,0,471.3170763,0,0,0,0,0,0,0,,0,0,0,0,0,0,0,0,0,0,0,0,0,0,0,0,0,0,0,0,0,0,0.109375,10.9375,0,0,0,0,0,0,0,0,10.9375,10.9375,0,0,,
,,,September,Low,Lions Bay 2,3,E,380.8,2.581835924,3.2,0.62324929,0,387.2050852,0,0,0,0,0,0,0,,0,0,0,0,0,0,0,0,0,0,0,0,0,0,0,0,0,0,0,0,0,0,0.4375,43.75,0,0,0,0,0,0,0,0,43.75,43.75,0,0,,
,,,September,Low,Lions Bay 2,3,C,33,1.531478917,0,0,0,34.53147892,0,0,0,0,0,0,0,,0,0,0,0,0,0,0,0,0,0,0,0,0,0,0,0,0,0,0,0,0,0,0.28125,28.125,0,0,0,0,0,0,0,0,28.125,28.125,0,0,,
,,,September,Low,Lions Bay 2,4,I,345.6,2.539828558,0,0,0,348.1398286,0,0,0,0,0,0,0,,0,0,0,0,0,0,0,0,0,0,0,0,0,0,0,0,0,0,0,0,0,0,0.28125,28.125,0,0,0,0,0,0,0.015625,1.5625,28.125,28.125,0,1.5625,,
,,,September,Low,Lions Bay 2,4,C,233.6,2.370328008,0,0,0,235.970328,0,0,0,0,0,0,0,,0,0,0,0,0,0,0,0,0,0,0,0,0,0,0,0,0,0,0,0,0,0,0.25,25,0,0,0,0,0,0,0.171875,17.1875,25,25,0,17.1875,,
,,,September,Low,Lions Bay 2,4,E,483.2,2.685024785,0,0,0,485.8850248,0,0,0,0,0,0,0,,0,0,0,0,0,0,0,0,0,0,0,0,0,0,0,0,0,0,0,0,0,0,0.046875,4.6875,0,0,0,0,0,0,0.015625,1.5625,4.6875,4.6875,0,1.5625,,
,,,September,Low,Lions Bay 2,5,I,496,2.696356389,0,0,0,498.6963564,0,0,0,0,0,0,0,,0,0,0,0,0,0,0,0,0,0,0,0,0,0,0,0,0,0,0,0,0,0,0.390625,39.0625,0,0,0,0,0,0,0.015625,1.5625,39.0625,39.0625,0,1.5625,,
,,,September,Low,Lions Bay 2,5,E,422.4,2.626750854,0,0,0,425.0267509,0,0,0,0,0,0,0,,0,0,0,0,0,0,0,0,0,0,0,0,0,0,0,0,0,0,0,0,0,0,0.171875,17.1875,0,0,0,0,0,0,0,0,17.1875,17.1875,0,0,,
,,,September,Low,Lions Bay 2,5,C,96,1.986771734,0,0,0,97.98677173,0,0,0,0,0,0,0,,0,0,0,0,0,0,0,0,0,0,0,0,0,0,0,0,0,0,0,0,0,0,0.515625,51.5625,0,0,0,0,0,0,0,0,51.5625,51.5625,0,0,,
,,,September,Low,Lions Bay 2,6,E,537.6,2.731266349,0,0,0,540.3312663,0,0,0,0,0,0,0,,0,0,0,0,0,0,0,0,0,0,0,0,0,0,0,0,0,0,0,0,0,0,0.40625,40.625,0,0,0,0,0,0,0.171875,17.1875,40.625,40.625,0,17.1875,,
,,,September,Low,Lions Bay 2,6,C,73.6,1.872738827,0,0,0,75.47273883,0,0,0,0,0,0,0,,0,0,0,0,0,0,0,0,0,0,0,0,0,0,0,0,0,0,0,0,0,0,0.890625,89.0625,0,0,0,0,0,0,0,0,89.0625,89.0625,0,0,,
,,,September,Low,Lions Bay 2,6,I,508.8,2.707399831,0,0,0,511.5073998,0,0,0,0,0,0,0,,0,0,0,0,0,0,0,0,0,0,0,0,0,0,0,0,0,0,0,0,0,0,0.109375,10.9375,0,0,0,0,0,0,0,0,10.9375,10.9375,0,0,,
,,,September,Low,Lions Bay 2,7,C,7,0.903089987,0,0,0,7.903089987,0,0,0,0,0,0,0,,0,0,0,0,0,0,0,0,0,0,0,0,0,0,0,0,0,0,0,0,0,0,1,100,0,0,0,0,0,0,0.015625,1.5625,100,100,0,1.5625,,
,,,September,Low,Lions Bay 2,7,I,438.4,2.642860053,0,0,0,441.0428601,0,0,0,0,0,0,0,,0,0,0,0,0,0,0,0,0,0,0,0,0,0,0,0,0,0,0,0,0,0,0.359375,35.9375,0,0,0,0,0,0,0,0,35.9375,35.9375,0,0,,
,,,September,Low,Lions Bay 2,7,E,368,2.567026366,0,0,0,370.5670264,0,0,0,0,0,0,0,,0,0,0,0,0,0,0,0,0,0,0,0,0,0,0,0,0,0,0,0,0,0,0.296875,29.6875,0,0,0,0,0,0,0.015625,1.5625,29.6875,29.6875,0,1.5625,,
10-09-11,14:00:00,19,September,Low,Horseshoe Bay,1,C,825.6,2.917295401,51.2,1.717670503,0,881.4349659,0,0,0,0,0,0,0,,0,0,0,0,2,2,0.477121255,2,0.477121255,0.015625,1.5625,0,0,0,0,0,0,0,0,0,0,0,0.109375,10.9375,0,0,0,0,0,0,0,0,10.9375,10.9375,0,0,,
,,,September,Low,Horseshoe Bay,1,E,796.8,2.901894032,44.8,1.660865478,0,846.1627595,0,0,0,0,0,0,0,,0,0,0,0,0,0,0,7,0.903089987,0.125,12.5,0,0,0,0,0,0,0,0,0,0,0,0.015625,1.5625,0,0,0,0,0,0,0,0,1.5625,1.5625,0,0,,
,,,September,Low,Horseshoe Bay,1,I,746.6666667,2.873708019,25.6,1.424881637,0,776.5652563,0,2,0,0,0,0,2,,2,0.477121255,0,0,4,4,0.698970004,5,0.77815125,0.109375,10.9375,0,0,0,0,0,0,0,0,0,0,0,0,0,0,0,0,0,0,0,0,0,0,0,0,0,,
,,,September,Low,Horseshoe Bay,2,E,396.8,2.599664779,118.4,2.077004327,0,519.8766691,0,0,0,0,0,0,0,,0,0,0,0,3,3,0.602059991,11,1.079181246,0,0,0,0,0,0,0,0,0,0,0,0,0,0.0625,6.25,0,0,0,0,0,0,0,0,6.25,6.25,0,0,,
,,,September,Low,Horseshoe Bay,2,C,265.6,2.425860145,89.6,1.957128198,0,359.5829883,0,0,0,0,0,0,0,,0,0,0,0,2,2,0.477121255,2,0.477121255,0,0,0,0,0,0,0,0,0,0,0,0,0,0.09375,9.375,0,0,0,0,0,0,0,0,9.375,9.375,0,0,,
,,,September,Low,Horseshoe Bay,2,I,422.4,2.626750854,67.2,1.833784375,0,494.0605352,0,0,0,0,0,0,0,,0,0,0,0,0,0,0,10,1.041392685,0,0,0,0,0,0,0,0,0,0,0,0,0,0.453125,45.3125,0,0,0,0,0,0,0,0,45.3125,45.3125,0,0,,
,,,September,Low,Horseshoe Bay,3,I,848,2.92890769,37.33333333,1.583576586,0,889.8458176,0,0,0,0,0,0,0,,0,0,0,5,0,5,0.77815125,14,1.176091259,0,0,0,0,0,0,0,0,0,0,0,0,0,0.03125,3.125,0,0,0,0,0,0,0,0,3.125,3.125,0,0,,
,,,September,Low,Horseshoe Bay,3,E,949.3333333,2.977875963,80,1.908485019,0,1034.219694,0,0,0,0,0,0,0,,0,0,0,3,5,8,0.954242509,18,1.278753601,0,0,0,0,0,0,0,0,0,0,0,0,0,0.015625,1.5625,0,0,0,0,0,0,0.015625,1.5625,1.5625,1.5625,0,1.5625,,
,,,September,Low,Horseshoe Bay,3,C,824,2.916453949,264,2.423245874,0,1093.3397,0,0,0,0,0,0,0,,0,0,0,10,0,10,1.041392685,10,1.041392685,0,0,0,0,0,0,0,0,0,0,0,0,0,0.03125,3.125,0,0,0,0,0,0,0,0,3.125,3.125,0,0,,
,,,September,Low,Horseshoe Bay,4,C,736,2.867467488,88,1.949390007,0,828.8168575,0,0,0,0,0,0,0,,0,0,0,5,1,6,0.84509804,6,0.84509804,0,0,0,0,0,0,0,0,0,0,0,0,0,0.046875,4.6875,0,0,0,0,0,0,0,0,4.6875,4.6875,0,0,,
,,,September,Low,Horseshoe Bay,4,I,700.8,2.846213364,70.4,1.853698212,0,775.8999116,0,0,0,0,0,0,0,,0,0,0,3,4,7,0.903089987,15,1.204119983,0,0,0,0,0,0,0,0,0,0,0,0,0,0.046875,4.6875,0,0,0,0,0,0,0,0,4.6875,4.6875,0,0,,
,,,September,Low,Horseshoe Bay,4,E,960,2.982723388,80,1.908485019,0,1044.891208,0,0,0,0,0,0,0,,0,0,0,9,2,11,1.079181246,13,1.146128036,0,0,0,0,0,0,0,0,0,0,0,0,0,0.078125,7.8125,0,0,0,0,0,0,0.140625,14.0625,7.8125,7.8125,0,14.0625,,
,,,September,Low,Horseshoe Bay,5,I,608,2.784617293,48,1.69019608,0,660.4748134,0,0,0,0,0,0,0,1 pelta,1,0.301029996,0,2,4,6,0.84509804,13,1.146128036,0,0,0,0,0,0,0,0,0,0,0,0,0,0.109375,10.9375,0,0,0,0,0,0,0,0,10.9375,10.9375,0,0,,
,,,September,Low,Horseshoe Bay,5,C,736,2.867467488,160,2.206825876,0,901.0742934,0,0,0,0,0,0,0,,0,0,0,3,1,4,0.698970004,4,0.698970004,0,0,0,0,0,0,0,0,0,0,0,0,0,0.21875,21.875,0,0,0,0,0,0,0,0,21.875,21.875,0,0,,
,,,September,Low,Horseshoe Bay,5,E,656,2.81756537,192,2.285557309,0,853.1031227,0,0,0,0,0,0,0,,0,0,0,2,2,4,0.698970004,10,1.041392685,0,0,0,0,0,0,0,0,0,0,0,0,0,0.09375,9.375,0,0,0,0,0,0,0,0,9.375,9.375,0,0,,
,,,September,Low,Horseshoe Bay,6,I,572.8,2.758760544,112,2.053078443,0,689.611839,0,0,0,0,0,0,0,,0,0,0,0,1,1,0.301029996,13,1.146128036,0,0,0,0,0,0,0,0,0,0,0,0,0,0.09375,9.375,0,0,0,0,0,0,0,0,9.375,9.375,0,0,,
,,,September,Low,Horseshoe Bay,6,E,563.2,2.751433082,48,1.69019608,0,615.6416292,0,0,0,0,0,0,0,1 para,1,0.301029996,0,1,15,16,1.230448921,23,1.380211242,0,0,0,0,0,0,0,0,0,0,0,0,0,0.09375,9.375,0,0,0,0,0,0,0.078125,7.8125,9.375,9.375,0,7.8125,,
,,,September,Low,Horseshoe Bay,6,C,160,2.206825876,44.8,1.660865478,0,208.6676914,0,1,0,3,0,0,4,,4,0.698970004,0,0,0,0,0,0,0,0.03125,3.125,0,0,0,0,0,0,0,0,0,0,0,0.046875,4.6875,0,0,0,0,0,0,0.109375,10.9375,4.6875,4.6875,0,10.9375,,
,,,September,Low,Horseshoe Bay,7,C,163.2,2.215373153,220.8,2.345961542,0,388.5613347,0,0,0,0,0,0,0,,0,0,0,0,0,0,0,0,0,0,0,0,0,0,0.015625,1.5625,0,0,0,0,0,0,0.140625,14.0625,0,0,0,0,0,0,0,0,14.0625,14.0625,1.5625,1.5625,,
,,,September,Low,Horseshoe Bay,7,E,371.2,2.570776369,358.4,2.555578073,0,734.7263544,0,0,0,0,0,0,0,,0,0,0,0,0,0,0,1,0.301029996,0,0,0,0,0,0.03125,3.125,0,0,0,0,0,0,0.078125,7.8125,0,0,0,0,0,0,0,0,7.8125,7.8125,3.125,3.125,,
,,,September,Low,Horseshoe Bay,7,I,176,2.247973266,208,2.320146286,0,388.5681196,0,0,0,0,0,0,0,,0,0,0,0,0,0,0,2,0.477121255,0,0,0,0,0,0.046875,4.6875,0,0,0,0,0,0,0.046875,4.6875,0,0,0,0,0,0,0,0,4.6875,4.6875,4.6875,4.6875,,